1 17 3
1 47 4
1 64 5
1 90 4
1 92 3
1 113 5
1 222 4
1 227 4
1 228 5
1 253 5
2 257 4
2 279 4
2 299 4
2 301 4
2 303 4
2 307 3
2 308 3
2 313 5
2 315 1
2 316 5
3 299 3
3 300 2
3 318 4
3 324 2
3 330 2
3 341 1
3 345 3
3 348 4
3 350 3
3 351 3
4 11 4
4 210 3
4 258 5
4 271 4
4 300 5
4 324 5
4 327 5
4 328 3
4 329 5
4 359 5
5 24 4
5 62 4
5 102 3
5 211 4
5 231 2
5 376 2
5 377 1
5 382 5
5 407 3
5 423 4
6 143 2
6 211 5
6 221 4
6 275 4
6 294 2
6 357 4
6 469 5
6 478 4
6 508 3
6 532 3
7 171 3
7 200 5
7 378 5
7 451 5
7 472 2
7 543 3
7 554 3
7 623 3
7 644 5
7 662 3
8 7 3
8 56 5
8 144 5
8 172 5
8 190 4
8 301 4
8 511 5
8 568 4
8 685 4
8 686 3
9 50 5
9 201 5
9 242 4
9 276 4
9 294 4
9 371 5
9 402 4
9 483 5
9 615 4
9 690 1
10 48 4
10 203 4
10 289 4
10 321 4
10 340 4
10 463 4
10 489 4
10 505 4
10 655 5
10 657 4
11 190 3
11 230 4
11 312 4
11 517 2
11 561 2
11 660 3
11 714 4
11 720 1
11 741 5
11 746 4
12 15 5
12 28 5
12 71 4
12 157 5
12 191 5
12 196 5
12 276 4
12 684 5
12 753 5
12 754 4
13 229 4
13 418 2
13 498 4
13 780 1
13 809 4
13 823 5
13 858 1
13 864 4
13 892 3
13 901 1
14 56 5
14 93 3
14 100 5
14 151 5
14 175 5
14 313 2
14 455 4
14 514 4
14 519 5
14 792 5
15 20 3
15 137 4
15 278 1
15 289 3
15 301 4
15 508 2
15 620 4
15 696 2
15 742 2
15 924 3
16 56 5
16 70 4
16 92 4
16 144 5
16 155 3
16 168 4
16 191 5
16 471 3
16 504 5
16 942 4
17 7 4
17 100 4
17 126 4
17 137 4
17 150 5
17 286 3
17 294 4
17 323 1
17 471 2
17 919 4
18 58 4
18 154 4
18 196 3
18 199 3
18 387 4
18 494 3
18 607 3
18 647 4
18 863 3
18 965 4
19 8 5
19 202 4
19 210 3
19 211 4
19 268 2
19 288 3
19 294 3
19 319 4
19 325 4
19 887 4
20 1 3
20 69 1
20 95 3
20 121 3
20 144 2
20 252 4
20 568 4
20 597 3
20 742 4
20 931 1
21 98 5
21 184 4
21 298 5
21 299 1
21 457 1
21 590 1
21 596 3
21 742 3
21 839 1
21 928 3
22 96 5
22 173 5
22 186 5
22 227 4
22 294 1
22 399 4
22 433 3
22 456 1
22 687 1
22 780 1
23 83 4
23 88 3
23 90 2
23 183 3
23 213 3
23 215 2
23 483 4
23 511 5
23 516 4
23 528 4
24 25 4
24 56 4
24 178 5
24 258 4
24 275 5
24 286 5
24 294 3
24 318 5
24 477 5
24 508 4
25 127 3
25 174 5
25 269 4
25 455 4
25 477 4
25 478 5
25 480 4
25 498 4
25 729 4
25 742 4
26 7 3
26 9 4
26 100 5
26 257 3
26 269 4
26 286 3
26 321 3
26 343 3
26 508 3
26 864 2
27 50 3
27 100 5
27 118 3
27 148 3
27 244 3
27 286 3
27 295 3
27 325 2
27 508 3
27 515 4
28 12 4
28 50 4
28 100 5
28 153 3
28 174 5
28 184 4
28 282 4
28 441 2
28 480 5
28 895 4
29 259 4
29 269 4
29 270 4
29 286 5
29 294 4
29 300 3
29 302 4
29 343 3
29 480 4
29 874 4
30 7 4
30 28 4
30 231 2
30 242 5
30 258 5
30 294 4
30 301 4
30 531 5
30 538 4
30 1013 3
31 32 5
31 79 2
31 124 4
31 175 5
31 268 3
31 319 4
31 340 3
31 490 4
31 514 5
31 875 4
32 100 3
32 118 3
32 122 2
32 235 3
32 245 2
32 257 4
32 259 2
32 508 4
32 866 3
32 1016 1
33 245 3
33 260 4
33 271 4
33 294 3
33 323 4
33 339 3
33 348 4
33 678 4
33 682 4
33 879 3
34 288 2
34 289 1
34 292 5
34 294 1
34 324 5
34 898 5
34 899 5
34 990 5
34 991 4
34 1024 5
35 258 2
35 327 3
35 328 3
35 333 4
35 358 1
35 678 3
35 748 4
35 876 2
35 879 4
35 937 4
36 261 5
36 288 4
36 289 2
36 310 4
36 333 4
36 358 5
36 873 3
36 875 3
36 878 5
36 1026 5
37 11 4
37 22 5
37 24 4
37 161 5
37 176 4
37 195 5
37 265 4
37 363 3
37 597 5
37 948 4
38 122 1
38 216 5
38 318 3
38 384 5
38 403 1
38 423 5
38 508 2
38 672 3
38 838 2
38 1030 5
39 269 4
39 270 4
39 272 2
39 288 5
39 294 4
39 301 3
39 307 2
39 339 3
39 748 5
39 937 5
40 245 3
40 269 1
40 286 2
40 294 4
40 305 4
40 337 4
40 347 2
40 750 3
40 879 2
40 896 4
41 1 4
41 69 4
41 100 4
41 153 4
41 174 4
41 181 4
41 209 4
41 289 2
41 423 2
41 518 3
42 69 4
42 98 4
42 176 3
42 185 4
42 195 5
42 603 4
42 684 4
42 685 4
42 953 2
42 1041 4
43 26 5
43 52 4
43 64 5
43 66 4
43 114 5
43 284 5
43 553 4
43 631 2
43 820 2
43 1057 2
44 56 2
44 95 4
44 120 4
44 123 4
44 174 5
44 208 4
44 230 2
44 250 5
44 530 5
44 665 1
45 1 5
45 15 4
45 21 3
45 100 5
45 108 4
45 237 4
45 276 5
45 823 4
45 952 4
45 1060 3
46 7 4
46 50 4
46 100 4
46 125 4
46 245 3
46 294 2
46 327 4
46 538 3
46 909 5
46 1024 5
47 258 4
47 269 4
47 288 2
47 289 4
47 301 4
47 303 4
47 307 4
47 322 2
47 327 4
47 874 3
48 50 4
48 187 5
48 202 4
48 266 3
48 306 4
48 423 4
48 511 5
48 522 2
48 654 5
48 988 2
49 7 4
49 17 2
49 38 1
49 49 2
49 148 1
49 238 4
49 334 4
49 473 3
49 741 4
49 758 1
50 15 2
50 268 4
50 276 2
50 288 4
50 319 5
50 324 5
50 508 5
50 544 4
50 1008 5
50 1010 5
51 50 5
51 134 2
51 136 4
51 144 5
51 172 5
51 173 5
51 184 3
51 210 4
51 479 3
51 655 3
52 15 5
52 93 4
52 235 2
52 275 4
52 287 5
52 427 5
52 531 5
52 657 5
52 742 4
52 845 5
53 64 5
53 96 4
53 118 4
53 121 4
53 258 4
53 546 4
53 568 4
53 628 5
53 748 2
53 1087 4
54 121 4
54 147 5
54 237 4
54 276 5
54 325 3
54 327 5
54 333 5
54 406 2
54 1012 2
54 1016 4
55 22 5
55 50 4
55 79 5
55 117 3
55 118 5
55 121 3
55 174 4
55 181 4
55 273 5
55 597 2
56 69 4
56 172 5
56 184 4
56 196 2
56 215 5
56 230 5
56 235 1
56 450 3
56 585 3
56 797 4
57 250 3
57 294 4
57 409 4
57 588 4
57 744 5
57 825 1
57 831 1
57 864 3
57 926 3
57 1059 3
58 42 4
58 45 5
58 222 4
58 248 4
58 272 5
58 284 4
58 475 5
58 960 4
58 1097 5
58 1100 2
59 54 4
59 77 4
59 148 3
59 177 4
59 387 3
59 418 2
59 429 4
59 550 5
59 583 5
59 1107 4
60 47 4
60 79 4
60 172 4
60 178 5
60 179 4
60 474 5
60 508 4
60 616 3
60 699 4
60 1020 4
61 258 4
61 269 3
61 271 1
61 294 2
61 300 5
61 310 4
61 327 2
61 333 3
61 748 2
61 751 3
62 59 4
62 86 2
62 111 3
62 114 4
62 132 5
62 182 5
62 258 5
62 288 2
62 302 3
62 433 5
63 6 3
63 109 4
63 150 4
63 222 3
63 237 3
63 246 3
63 251 4
63 301 5
63 841 1
63 948 3
64 2 3
64 77 3
64 93 2
64 187 5
64 231 3
64 333 3
64 515 5
64 527 4
64 959 4
64 1133 4
65 70 1
65 121 4
65 135 4
65 191 4
65 197 5
65 210 4
65 318 5
65 427 5
65 661 4
65 1129 4
66 15 3
66 21 1
66 24 3
66 127 4
66 280 4
66 281 4
66 288 4
66 475 2
66 741 4
66 742 5
67 7 5
67 25 4
67 122 3
67 123 4
67 276 4
67 472 4
67 546 3
67 827 3
67 833 4
67 871 3
68 50 5
68 125 1
68 258 5
68 282 1
68 286 5
68 288 4
68 458 1
68 471 3
68 475 5
68 1028 4
69 9 4
69 48 5
69 109 3
69 151 5
69 591 3
69 689 3
69 748 2
69 1017 5
69 1134 5
69 1143 5
70 71 3
70 151 3
70 152 4
70 176 4
70 202 4
70 260 2
70 265 4
70 417 3
70 423 5
70 751 4
71 50 3
71 64 4
71 65 5
71 135 4
71 151 1
71 154 3
71 175 4
71 197 5
71 257 5
71 289 2
72 28 4
72 79 4
72 89 3
72 129 4
72 196 4
72 226 4
72 427 5
72 527 4
72 528 4
72 530 4
73 7 4
73 28 3
73 48 2
73 156 4
73 196 4
73 202 2
73 286 4
73 474 5
73 479 5
73 1149 4
74 121 4
74 124 3
74 129 3
74 137 3
74 150 3
74 301 3
74 313 5
74 324 3
74 333 4
74 354 3
75 108 4
75 137 4
75 271 5
75 472 4
75 475 5
75 597 3
75 696 4
75 820 3
75 952 5
75 1150 4
76 12 3
76 59 4
76 64 5
76 150 5
76 258 3
76 333 3
76 421 3
76 474 5
76 518 3
76 690 2
77 4 3
77 50 4
77 153 5
77 176 4
77 179 5
77 181 3
77 265 3
77 276 2
77 431 5
77 498 5
78 25 3
78 93 4
78 237 5
78 288 4
78 294 3
78 327 1
78 476 3
78 813 2
78 871 3
78 880 5
79 6 4
79 7 5
79 137 4
79 286 5
79 301 3
79 313 2
79 325 5
79 370 2
79 813 5
79 900 4
80 100 5
80 154 3
80 199 2
80 208 5
80 213 3
80 215 5
80 234 3
80 260 1
80 303 4
80 699 3
81 7 4
81 93 3
81 118 2
81 124 3
81 274 3
81 282 5
81 410 4
81 412 1
81 926 3
81 1028 1
82 14 4
82 15 3
82 73 4
82 231 2
82 343 1
82 411 3
82 455 4
82 596 3
82 661 4
82 919 3
83 43 4
83 82 5
83 118 3
83 139 3
83 301 2
83 338 4
83 364 1
83 413 1
83 640 2
83 929 3
84 7 4
84 31 4
84 64 5
84 148 4
84 151 4
84 222 4
84 237 4
84 265 5
84 284 3
84 523 4
85 13 3
85 83 4
85 187 5
85 272 4
85 277 2
85 282 3
85 298 4
85 501 3
85 604 4
85 647 4
86 242 4
86 269 4
86 270 5
86 288 3
86 289 3
86 304 3
86 328 2
86 338 1
86 683 5
86 888 4
87 2 4
87 9 4
87 177 5
87 196 5
87 211 5
87 775 2
87 996 3
87 1000 3
87 1079 2
87 1183 3
88 286 5
88 300 3
88 308 4
88 311 5
88 313 3
88 319 3
88 354 5
88 880 3
88 898 4
88 1191 5
89 26 3
89 83 4
89 151 5
89 387 5
89 694 5
89 707 5
89 716 3
89 737 1
89 813 5
89 949 3
90 12 5
90 22 4
90 187 4
90 258 3
90 499 5
90 506 5
90 507 5
90 690 4
90 923 5
90 945 5
91 99 2
91 131 2
91 195 5
91 265 5
91 331 5
91 351 4
91 479 4
91 529 4
91 682 2
91 689 5
92 121 5
92 176 5
92 180 5
92 241 3
92 515 4
92 540 2
92 747 4
92 790 3
92 831 2
92 1209 1
93 1 5
93 14 4
93 118 3
93 121 3
93 125 1
93 151 1
93 276 2
93 283 4
93 866 2
93 934 3
94 24 4
94 155 2
94 174 4
94 216 3
94 218 3
94 471 4
94 572 3
94 651 5
94 792 4
94 860 2
95 128 3
95 143 4
95 174 5
95 395 3
95 416 4
95 483 3
95 636 1
95 1206 4
95 1229 2
95 1230 1
96 1 5
96 64 5
96 100 5
96 170 5
96 173 3
96 435 3
96 474 4
96 478 2
96 483 5
96 525 2
97 7 5
97 28 5
97 97 5
97 168 4
97 428 4
97 429 4
97 432 4
97 435 4
97 466 3
97 655 5
98 25 5
98 88 3
98 168 2
98 173 1
98 322 3
98 428 5
98 502 2
98 514 5
98 523 5
98 629 5
99 168 5
99 181 5
99 182 4
99 204 4
99 354 2
99 410 5
99 508 4
99 597 4
99 742 5
99 895 3
100 289 3
100 316 5
100 333 3
100 342 3
100 689 3
100 691 4
100 752 4
100 905 3
100 990 3
100 1236 3
101 24 4
101 109 2
101 118 3
101 121 4
101 815 3
101 840 3
101 928 2
101 1034 2
101 1051 2
101 1057 2
102 118 3
102 264 2
102 300 3
102 313 3
102 391 2
102 432 3
102 559 3
102 576 2
102 732 3
102 1025 2
103 69 3
103 96 4
103 204 3
103 234 3
103 250 4
103 252 2
103 301 4
103 405 3
103 471 4
103 1089 1
104 7 3
104 100 4
104 122 3
104 249 3
104 269 5
104 293 3
104 324 1
104 327 2
104 411 1
104 1241 1
105 264 2
105 269 4
105 271 2
105 302 5
105 313 5
105 327 4
105 340 3
105 343 2
105 690 3
105 748 2
106 15 3
106 45 3
106 64 4
106 69 4
106 77 4
106 97 5
106 165 5
106 273 3
106 286 4
106 584 4
107 259 2
107 264 3
107 286 2
107 288 3
107 312 4
107 313 2
107 322 1
107 323 1
107 325 3
107 902 5
108 10 5
108 14 5
108 21 3
108 127 4
108 137 5
108 222 2
108 304 3
108 471 2
108 515 5
108 718 4
109 31 4
109 89 4
109 100 4
109 101 1
109 154 2
109 258 5
109 588 4
109 627 5
109 797 3
109 975 3
110 79 4
110 82 4
110 188 4
110 202 2
110 245 3
110 300 3
110 540 3
110 734 2
110 1248 3
110 1250 3
111 242 4
111 258 4
111 302 5
111 303 3
111 305 2
111 315 5
111 321 3
111 333 4
111 344 2
111 354 4
112 300 4
112 302 4
112 303 4
112 312 5
112 316 5
112 325 1
112 347 1
112 678 3
112 754 4
112 984 3
113 242 2
113 246 5
113 277 3
113 286 4
113 319 2
113 322 3
113 324 2
113 508 4
113 678 2
113 1252 4
114 96 3
114 100 5
114 182 3
114 186 3
114 210 3
114 482 4
114 496 4
114 520 3
114 640 2
114 654 3
115 32 5
115 69 1
115 172 4
115 443 4
115 462 4
115 466 5
115 511 5
115 530 5
115 642 5
115 763 2
116 187 5
116 248 3
116 257 3
116 262 3
116 301 3
116 484 4
116 750 4
116 880 3
116 1016 2
116 1082 3
117 1 4
117 121 4
117 168 5
117 174 4
117 176 5
117 338 3
117 368 3
117 421 5
117 597 4
117 751 5
118 23 5
118 184 5
118 185 5
118 436 5
118 474 5
118 511 5
118 528 4
118 655 5
118 816 3
118 853 5
119 54 4
119 154 5
119 245 4
119 269 3
119 595 3
119 697 5
119 716 5
119 1101 5
119 1170 3
119 1262 3
120 1 4
120 15 4
120 117 3
120 121 4
120 125 4
120 148 3
120 237 3
120 258 5
120 742 4
120 827 2
121 9 5
121 98 5
121 122 2
121 125 2
121 126 3
121 137 5
121 174 3
121 235 1
121 249 1
121 428 5
122 70 5
122 175 5
122 187 4
122 191 5
122 214 2
122 511 5
122 553 3
122 727 4
122 737 4
122 792 3
123 50 3
123 127 5
123 255 1
123 285 5
123 485 5
123 487 3
123 511 5
123 704 3
123 707 5
123 735 2
124 28 3
124 98 4
124 144 4
124 154 5
124 168 5
124 172 3
124 173 2
124 174 3
124 209 3
124 474 3
125 97 3
125 150 1
125 152 1
125 173 5
125 239 5
125 483 4
125 615 3
125 785 3
125 796 3
125 1180 3
126 243 5
126 288 4
126 289 3
126 302 4
126 313 5
126 319 2
126 327 3
126 682 1
126 752 3
126 1175 5
127 62 5
127 222 5
127 228 5
127 258 5
127 271 5
127 288 5
127 343 5
127 450 5
127 750 1
127 901 5
128 79 4
128 111 3
128 140 4
128 143 5
128 228 3
128 276 4
128 283 5
128 418 4
128 736 5
128 747 3
129 245 2
129 258 2
129 268 1
129 286 5
129 288 1
129 302 4
129 311 3
129 327 3
129 678 1
129 882 2
130 206 3
130 234 5
130 307 4
130 316 4
130 542 3
130 569 3
130 731 3
130 806 3
130 901 1
130 949 3
131 14 5
131 19 4
131 124 5
131 242 5
131 251 5
131 276 5
131 285 5
131 286 5
131 293 3
131 302 5
132 50 3
132 100 4
132 151 3
132 251 4
132 285 4
132 286 3
132 484 4
132 521 4
132 664 5
132 1154 3
133 243 3
133 245 3
133 300 3
133 313 3
133 316 4
133 343 2
133 346 3
133 749 4
133 750 4
133 902 3
134 1 5
134 15 5
134 301 2
134 302 2
134 315 3
134 316 4
134 326 5
134 328 4
134 751 5
134 892 2
135 33 3
135 54 3
135 77 4
135 176 4
135 228 4
135 379 2
135 443 4
135 566 3
135 642 4
135 802 2
136 19 4
136 42 3
136 100 5
136 137 5
136 204 4
136 223 4
136 286 5
136 318 5
136 515 5
136 647 5
137 15 4
137 51 1
137 117 5
137 172 5
137 183 5
137 222 5
137 235 5
137 249 4
137 250 5
137 472 4
138 98 5
138 100 5
138 111 4
138 116 2
138 150 3
138 238 5
138 285 4
138 514 5
138 519 5
138 617 4
139 100 5
139 150 4
139 288 4
139 296 4
139 297 5
139 302 3
139 460 3
139 676 4
139 740 2
139 1233 5
140 245 3
140 286 5
140 288 3
140 294 3
140 302 4
140 304 4
140 321 4
140 872 3
140 873 2
140 988 3
141 50 4
141 225 3
141 237 4
141 405 3
141 471 4
141 546 4
141 748 3
141 750 1
141 825 4
141 1258 4
142 55 2
142 124 4
142 176 5
142 288 3
142 333 5
142 346 5
142 358 2
142 408 4
142 463 3
142 514 5
143 258 3
143 271 4
143 286 2
143 288 5
143 294 3
143 307 4
143 315 4
143 322 4
143 326 5
143 690 2
144 31 3
144 62 2
144 66 4
144 91 2
144 313 5
144 685 3
144 747 5
144 778 4
144 961 3
144 1147 4
145 13 5
145 22 5
145 183 5
145 260 4
145 393 5
145 448 5
145 472 3
145 591 4
145 743 1
145 1245 5
146 245 5
146 258 4
146 271 3
146 272 5
146 301 2
146 319 4
146 328 3
146 331 5
146 340 4
146 1293 5
147 270 3
147 286 5
147 301 5
147 302 4
147 304 5
147 313 4
147 319 4
147 750 5
147 898 5
147 937 3
148 71 5
148 98 3
148 214 5
148 228 4
148 357 5
148 473 5
148 501 4
148 529 5
148 596 5
148 1012 4
149 262 1
149 286 5
149 302 4
149 321 2
149 323 2
149 325 2
149 326 3
149 337 2
149 338 2
149 346 4
150 50 5
150 93 4
150 127 5
150 147 4
150 235 4
150 268 5
150 273 4
150 410 4
150 475 5
150 628 4
151 58 4
151 89 5
151 317 5
151 372 5
151 387 5
151 402 3
151 485 5
151 969 5
151 1006 1
151 1298 4
152 98 2
152 125 5
152 167 5
152 220 5
152 255 5
152 780 5
152 790 5
152 866 5
152 966 5
152 1028 5
153 50 1
153 79 5
153 172 1
153 181 1
153 182 5
153 258 5
153 265 4
153 294 2
153 325 2
153 357 5
154 50 5
154 89 5
154 143 3
154 182 5
154 202 3
154 333 3
154 462 3
154 480 5
154 640 5
154 708 4
155 288 3
155 292 3
155 300 2
155 306 5
155 322 2
155 326 2
155 327 2
155 331 3
155 332 2
155 990 3
156 11 2
156 22 3
156 48 4
156 124 3
156 180 5
156 197 5
156 211 4
156 318 4
156 346 3
156 357 4
157 1 5
157 3 3
157 93 3
157 137 5
157 293 5
157 298 4
157 407 4
157 740 2
157 1283 2
157 1302 5
158 1 4
158 38 4
158 79 4
158 85 4
158 190 5
158 271 4
158 414 4
158 483 5
158 568 4
158 1011 4
159 225 4
159 237 3
159 258 4
159 451 5
159 546 4
159 831 2
159 871 4
159 877 3
159 930 4
159 1002 3
160 3 3
160 21 1
160 79 4
160 93 5
160 124 4
160 126 3
160 175 4
160 187 5
160 432 3
160 1019 5
161 56 3
161 127 3
161 187 3
161 213 2
161 215 2
161 274 2
161 286 2
161 523 3
161 654 3
161 1266 2
162 42 3
162 50 5
162 117 4
162 151 3
162 174 4
162 254 3
162 544 4
162 597 4
162 628 4
162 710 4
163 28 3
163 258 4
163 269 3
163 272 4
163 300 3
163 301 3
163 305 2
163 357 4
163 433 1
163 879 2
164 118 5
164 125 5
164 148 5
164 245 5
164 300 5
164 313 5
164 322 4
164 331 5
164 926 2
164 984 4
165 15 5
165 91 4
165 169 5
165 176 4
165 222 5
165 260 3
165 270 4
165 318 5
165 332 4
165 500 3
166 243 3
166 286 1
166 294 3
166 313 5
166 315 3
166 347 5
166 687 1
166 688 3
166 751 4
166 984 5
167 126 3
167 133 5
167 136 4
167 169 1
167 222 4
167 698 4
167 733 2
167 1126 5
167 1147 4
167 1309 1
168 7 1
168 25 5
168 123 3
168 258 4
168 409 4
168 411 1
168 472 3
168 748 2
168 988 2
168 1016 5
169 127 4
169 211 5
169 213 5
169 234 4
169 483 3
169 495 3
169 498 3
169 604 4
169 684 5
169 705 5
170 258 3
170 259 3
170 304 4
170 322 5
170 323 3
170 348 3
170 678 4
170 687 3
170 876 3
170 988 3
171 258 4
171 303 4
171 305 2
171 315 4
171 340 3
171 346 4
171 354 3
171 690 3
171 887 4
171 906 3
172 178 3
172 183 5
172 430 3
172 483 3
172 514 3
172 582 4
172 606 3
172 612 3
172 1134 2
172 1172 3
173 268 4
173 269 4
173 292 5
173 321 4
173 331 4
173 678 3
173 874 4
173 879 5
173 880 4
173 1265 3
174 41 1
174 82 1
174 94 2
174 107 5
174 396 1
174 458 4
174 699 5
174 823 4
174 902 3
174 1014 3
175 9 4
175 64 5
175 100 2
175 132 3
175 193 4
175 215 5
175 234 5
175 496 5
175 660 3
175 661 4
176 13 4
176 50 5
176 100 5
176 236 4
176 240 4
176 250 4
176 270 4
176 750 4
176 948 4
176 1012 4
177 1 3
177 87 4
177 89 5
177 124 3
177 182 5
177 271 2
177 300 2
177 651 3
177 919 4
177 1039 3
178 73 5
178 106 2
178 148 4
178 209 4
178 218 3
178 234 4
178 255 4
178 276 3
178 282 3
178 678 3
179 269 3
179 272 5
179 301 4
179 303 1
179 310 4
179 331 2
179 346 3
179 750 1
179 893 2
179 1316 3
180 56 5
180 69 4
180 83 5
180 111 5
180 121 5
180 213 5
180 216 5
180 421 5
180 631 5
180 716 1
181 121 4
181 405 4
181 696 2
181 741 1
181 762 2
181 870 2
181 927 1
181 1015 1
181 1060 1
181 1288 1
182 111 4
182 123 4
182 126 5
182 191 4
182 203 3
182 222 3
182 257 3
182 283 2
182 471 4
182 479 5
183 54 2
183 159 4
183 203 3
183 222 4
183 227 4
183 265 2
183 273 4
183 331 3
183 450 3
183 485 5
184 36 3
184 71 4
184 86 5
184 100 5
184 155 3
184 161 2
184 181 4
184 207 4
184 514 5
184 660 3
185 28 5
185 86 5
185 196 4
185 197 5
185 223 4
185 279 4
185 285 5
185 318 4
185 638 4
185 939 3
186 53 1
186 322 5
186 333 3
186 406 1
186 550 4
186 591 4
186 742 3
186 770 2
186 925 5
186 977 3
187 86 4
187 175 2
187 191 5
187 196 4
187 275 5
187 522 3
187 582 1
187 659 5
187 747 4
187 792 5
188 7 5
188 69 4
188 159 3
188 204 4
188 211 4
188 234 4
188 357 4
188 554 2
188 628 5
188 792 2
189 1 5
189 30 4
189 45 3
189 91 3
189 120 1
189 203 3
189 253 4
189 276 3
189 462 5
189 1115 4
190 118 3
190 222 4
190 269 4
190 291 3
190 294 3
190 300 4
190 363 2
190 405 4
190 628 4
190 748 3
191 86 5
191 269 3
191 270 3
191 272 4
191 300 4
191 328 3
191 332 2
191 343 3
191 891 3
191 900 4
192 50 4
192 108 4
192 121 2
192 235 3
192 257 4
192 258 5
192 276 2
192 277 3
192 284 5
192 1137 4
193 195 1
193 328 3
193 332 3
193 368 1
193 393 4
193 554 3
193 682 1
193 693 4
193 827 2
193 1132 3
194 23 4
194 77 3
194 152 3
194 160 2
194 187 4
194 191 4
194 212 1
194 239 3
194 478 3
194 647 4
195 14 4
195 100 5
195 181 5
195 186 3
195 227 3
195 407 2
195 477 2
195 591 4
195 887 4
195 1084 4
196 8 5
196 25 4
196 66 3
196 70 3
196 94 3
196 286 5
196 428 4
196 580 2
196 692 5
196 1118 4
197 176 5
197 231 3
197 288 3
197 294 4
197 431 3
197 449 5
197 518 1
197 570 4
197 770 3
197 849 3
198 24 2
198 180 3
198 214 4
198 385 3
198 427 4
198 549 3
198 640 3
198 651 4
198 1117 3
198 1169 4
199 111 3
199 117 3
199 259 1
199 276 4
199 285 4
199 286 5
199 405 2
199 475 5
199 687 1
199 948 1
200 24 2
200 72 4
200 227 5
200 241 4
200 265 5
200 291 3
200 402 4
200 409 2
200 586 4
200 665 4
201 51 2
201 148 1
201 209 3
201 215 2
201 432 3
201 509 3
201 518 4
201 747 2
201 919 3
201 1229 3
202 1 3
202 96 4
202 179 1
202 191 2
202 195 4
202 242 3
202 269 4
202 318 1
202 481 1
202 516 4
203 1 3
203 7 3
203 24 4
203 50 5
203 151 4
203 248 5
203 250 4
203 271 3
203 326 4
203 619 3
204 1 2
204 45 5
204 245 3
204 259 2
204 297 5
204 302 5
204 336 1
204 482 4
204 1022 5
204 1194 4
205 242 4
205 243 2
205 268 2
205 286 2
205 300 3
205 315 4
205 322 3
205 328 3
205 875 2
205 1025 1
206 258 4
206 260 3
206 294 2
206 678 1
206 750 3
206 873 3
206 889 2
206 896 4
206 904 1
206 1430 1
207 4 4
207 25 4
207 65 3
207 87 4
207 192 3
207 554 2
207 716 3
207 1046 4
207 1350 2
207 1436 3
208 56 2
208 208 4
208 211 5
208 367 2
208 381 3
208 402 4
208 428 4
208 435 5
208 523 4
208 524 4
209 1 5
209 50 5
209 286 2
209 301 3
209 304 2
209 321 4
209 333 2
209 766 4
209 1105 2
209 1137 4
210 96 4
210 134 5
210 135 5
210 160 4
210 219 3
210 255 4
210 465 4
210 502 3
210 631 5
210 722 4
211 9 3
211 69 3
211 228 3
211 303 3
211 357 2
211 455 3
211 457 4
211 520 4
211 876 2
211 1127 1
212 86 4
212 127 2
212 199 5
212 246 5
212 268 5
212 269 3
212 423 4
212 528 5
212 645 3
212 735 4
213 8 3
213 12 5
213 25 4
213 48 5
213 50 5
213 144 5
213 447 4
213 471 3
213 546 4
213 690 3
214 42 5
214 79 4
214 121 4
214 151 5
214 179 5
214 208 5
214 652 4
214 872 2
214 1065 5
214 1129 4
215 11 2
215 22 3
215 64 4
215 82 3
215 89 4
215 205 3
215 239 3
215 450 2
215 474 4
215 1039 5
216 12 5
216 202 4
216 226 3
216 249 3
216 274 3
216 286 4
216 298 5
216 498 3
216 577 1
216 651 5
217 53 1
217 68 3
217 117 4
217 540 1
217 554 3
217 578 5
217 685 5
217 797 4
217 810 3
217 1222 1
218 4 3
218 5 3
218 12 5
218 100 4
218 154 4
218 410 3
218 517 3
218 654 4
218 762 4
218 789 3
219 71 1
219 215 5
219 258 5
219 269 5
219 382 5
219 568 1
219 616 5
219 855 5
219 879 4
219 1014 3
220 258 3
220 264 3
220 268 4
220 289 4
220 294 4
220 300 5
220 305 4
220 319 4
220 332 3
220 995 3
221 172 5
221 250 5
221 268 5
221 318 5
221 468 3
221 508 4
221 1067 3
221 1218 3
221 1314 3
221 1407 3
222 22 5
222 26 3
222 49 3
222 53 5
222 87 3
222 173 5
222 379 1
222 448 3
222 796 4
222 812 2
223 1 4
223 237 5
223 258 1
223 318 4
223 322 4
223 323 2
223 470 4
223 596 3
223 845 4
223 969 5
224 20 1
224 43 3
224 149 1
224 215 4
224 332 3
224 528 3
224 658 1
224 708 2
224 949 3
224 1208 1
225 22 5
225 215 5
225 245 2
225 286 4
225 427 5
225 566 4
225 604 5
225 606 5
225 705 5
225 1203 5
226 9 5
226 24 4
226 28 4
226 98 5
226 150 4
226 209 3
226 250 4
226 258 5
226 405 4
226 1117 3
227 7 5
227 19 4
227 93 5
227 106 3
227 116 4
227 121 2
227 150 3
227 475 4
227 1008 4
227 1010 3
228 98 3
228 137 1
228 272 5
228 275 3
228 286 5
228 327 1
228 690 5
228 750 3
228 812 5
228 938 1
229 245 3
229 258 2
229 269 4
229 272 3
229 300 2
229 302 5
229 311 5
229 312 3
229 340 4
229 748 3
230 50 5
230 142 4
230 196 5
230 210 5
230 234 4
230 238 1
230 393 3
230 402 5
230 511 2
230 673 3
231 1 3
231 50 4
231 255 3
231 289 4
231 300 4
231 313 3
231 471 5
231 597 3
231 866 3
231 924 5
232 22 3
232 64 4
232 173 4
232 215 3
232 462 4
232 471 3
232 523 4
232 638 5
232 708 4
232 921 4
233 57 5
233 69 5
233 98 5
233 174 5
233 212 5
233 286 3
233 418 4
233 492 5
233 495 4
233 644 5
234 10 3
234 81 3
234 98 4
234 147 3
234 228 3
234 241 2
234 487 3
234 632 2
234 648 3
234 1397 4
235 85 4
235 100 4
235 275 5
235 319 4
235 433 4
235 435 5
235 648 4
235 684 4
235 792 4
235 898 3
236 134 4
236 170 5
236 172 3
236 200 3
236 289 4
236 507 3
236 686 3
236 696 2
236 699 4
236 1328 4
237 83 4
237 98 4
237 153 3
237 183 5
237 199 4
237 423 4
237 479 5
237 502 4
237 513 5
237 603 5
238 121 4
238 125 3
238 258 3
238 286 5
238 298 5
238 458 4
238 471 4
238 546 3
238 845 3
238 926 3
239 10 5
239 58 5
239 81 3
239 187 5
239 204 3
239 430 3
239 475 5
239 478 5
239 529 5
239 605 4
240 242 5
240 245 4
240 269 5
240 307 4
240 340 4
240 349 1
240 353 1
240 358 2
240 751 3
240 873 2
241 268 4
241 270 3
241 288 5
241 302 3
241 310 4
241 335 3
241 343 2
241 346 3
241 682 2
241 689 3
242 111 4
242 268 5
242 275 5
242 283 4
242 294 4
242 331 5
242 475 3
242 740 5
242 1011 3
242 1355 5
243 28 4
243 127 4
243 221 5
243 268 4
243 286 4
243 387 4
243 582 5
243 713 3
243 1368 2
243 1466 3
244 53 3
244 89 5
244 148 2
244 154 5
244 172 4
244 183 4
244 310 3
244 409 4
244 662 3
244 790 4
245 133 2
245 210 3
245 258 4
245 300 4
245 596 4
245 597 4
245 756 3
245 894 1
245 1033 5
245 1047 3
246 8 3
246 68 5
246 82 2
246 121 4
246 184 4
246 406 3
246 596 3
246 728 1
246 816 4
246 1218 3
247 7 4
247 28 5
247 64 5
247 121 4
247 222 3
247 259 3
247 269 4
247 300 2
247 750 4
247 1022 4
248 55 4
248 100 4
248 181 4
248 183 5
248 186 5
248 198 5
248 210 3
248 249 4
248 515 5
248 928 3
249 22 5
249 23 4
249 79 5
249 124 5
249 176 4
249 182 5
249 455 4
249 476 3
249 597 2
249 826 1
250 2 4
250 44 4
250 64 5
250 111 4
250 127 4
250 174 3
250 200 5
250 244 4
250 260 4
250 294 1
251 12 4
251 50 5
251 132 5
251 172 5
251 183 5
251 222 4
251 237 5
251 265 3
251 520 5
251 612 5
252 1 5
252 14 4
252 149 5
252 224 4
252 276 5
252 286 5
252 290 3
252 410 5
252 475 5
252 847 4
253 127 5
253 188 4
253 198 5
253 210 4
253 237 4
253 294 4
253 483 5
253 566 4
253 568 4
253 647 3
254 50 5
254 188 3
254 286 1
254 379 1
254 380 4
254 418 3
254 575 3
254 624 2
254 649 1
254 1116 3
255 53 3
255 249 5
255 271 4
255 436 4
255 452 3
255 551 1
255 565 1
255 569 1
255 763 5
255 841 1
256 25 5
256 280 5
256 413 4
256 692 5
256 716 5
256 765 4
256 771 2
256 819 4
256 939 5
256 1057 2
257 50 5
257 100 5
257 116 3
257 165 4
257 221 3
257 237 2
257 288 3
257 462 4
257 531 5
257 1462 5
258 258 2
258 272 5
258 286 5
258 289 2
258 294 4
258 328 3
258 332 5
258 333 2
258 690 4
258 748 5
259 12 5
259 98 4
259 108 4
259 179 4
259 180 5
259 200 4
259 235 2
259 313 5
259 317 5
259 357 5
260 258 3
260 288 3
260 313 5
260 333 4
260 350 4
260 362 5
260 748 4
260 882 5
260 891 5
260 1243 5
261 125 5
261 301 4
261 304 3
261 342 3
261 359 5
261 410 5
261 687 5
261 892 5
261 988 3
261 1237 3
262 11 4
262 47 2
262 96 4
262 121 3
262 179 4
262 293 2
262 509 3
262 568 3
262 754 3
262 786 3
263 86 4
263 97 4
263 183 4
263 272 5
263 333 2
263 514 3
263 521 3
263 523 5
263 678 2
263 892 3
264 208 5
264 320 4
264 401 5
264 516 5
264 524 3
264 558 5
264 659 5
264 1069 5
264 1225 3
264 1270 2
265 125 4
265 151 2
265 237 5
265 257 4
265 258 4
265 300 5
265 410 4
265 477 3
265 591 5
265 934 3
266 14 4
266 100 5
266 237 3
266 245 1
266 275 5
266 286 4
266 289 3
266 319 2
266 321 3
266 325 1
267 50 5
267 55 4
267 94 3
267 114 5
267 147 3
267 226 3
267 546 3
267 654 5
267 684 4
267 739 4
268 21 3
268 298 3
268 364 3
268 386 2
268 580 3
268 583 4
268 790 2
268 955 3
268 1041 1
268 1249 2
269 9 4
269 13 4
269 47 4
269 234 1
269 235 3
269 252 1
269 658 2
269 674 2
269 705 2
269 1165 1
270 53 4
270 70 5
270 148 4
270 159 4
270 230 3
270 306 5
270 327 5
270 387 5
270 466 5
270 781 5
271 11 4
271 111 4
271 211 5
271 220 3
271 410 2
271 482 5
271 514 4
271 630 2
271 714 3
271 750 4
272 22 5
272 201 3
272 288 4
272 357 5
272 469 5
272 474 5
272 483 5
272 498 4
272 521 5
272 772 2
273 268 5
273 272 4
273 286 3
273 304 3
273 307 2
273 313 3
273 315 4
273 316 4
273 340 3
273 347 4
274 83 5
274 208 4
274 243 2
274 255 2
274 277 4
274 476 4
274 478 5
274 546 3
274 742 4
274 815 3
275 173 3
275 176 4
275 183 3
275 191 4
275 252 2
275 258 3
275 520 4
275 523 4
275 588 3
275 1066 3
276 64 5
276 70 4
276 78 4
276 181 5
276 188 4
276 294 4
276 324 4
276 417 4
276 419 5
276 474 5
277 15 4
277 117 4
277 121 2
277 129 4
277 286 5
277 302 4
277 405 3
277 591 4
277 628 4
277 748 3
278 245 3
278 258 3
278 286 5
278 288 5
278 294 4
278 313 5
278 315 4
278 538 4
278 752 5
278 882 3
279 89 4
279 96 4
279 122 1
279 168 5
279 725 4
279 741 5
279 746 5
279 982 3
279 1162 3
279 1428 3
280 38 3
280 99 2
280 145 3
280 204 3
280 227 3
280 544 4
280 554 1
280 693 3
280 975 4
280 1028 5
281 289 3
281 294 3
281 301 3
281 304 5
281 308 1
281 310 4
281 326 1
281 331 3
281 333 3
281 690 5
282 262 4
282 268 4
282 300 3
282 305 4
282 333 3
282 340 3
282 343 4
282 689 2
282 879 2
282 890 4
283 50 5
283 125 5
283 210 5
283 216 4
283 238 5
283 288 2
283 407 3
283 455 4
283 659 5
283 709 5
284 286 4
284 300 3
284 301 5
284 324 3
284 328 4
284 332 3
284 340 4
284 344 4
284 346 4
284 887 4
285 100 4
285 198 5
285 237 4
285 276 4
285 302 5
285 346 4
285 455 4
285 514 3
285 682 4
285 902 4
286 34 5
286 44 3
286 73 5
286 85 5
286 154 4
286 175 5
286 231 3
286 298 4
286 746 4
286 1316 5
287 39 5
287 92 4
287 111 3
287 156 5
287 218 5
287 240 2
287 346 5
287 461 5
287 591 5
287 1016 5
288 12 4
288 13 5
288 15 4
288 97 4
288 157 4
288 182 4
288 202 5
288 317 4
288 340 5
288 900 5
289 21 1
289 125 2
289 147 3
289 151 2
289 222 2
289 254 1
289 405 2
289 471 4
289 742 4
289 926 3
290 21 3
290 71 5
290 153 3
290 218 2
290 239 2
290 274 4
290 429 4
290 476 3
290 1013 2
290 1028 3
291 7 5
291 70 4
291 214 4
291 250 4
291 428 5
291 471 4
291 501 4
291 732 4
291 1028 3
291 1139 3
292 10 5
292 100 5
292 132 4
292 176 5
292 183 5
292 324 3
292 488 5
292 525 5
292 653 4
292 1050 4
293 39 3
293 79 3
293 132 4
293 166 3
293 325 2
293 412 1
293 496 5
293 605 3
293 708 3
293 748 2
294 10 3
294 120 2
294 222 4
294 288 5
294 483 4
294 539 4
294 678 2
294 876 3
294 979 3
294 1067 4
295 4 4
295 47 5
295 67 4
295 73 4
295 151 4
295 173 5
295 405 5
295 483 5
295 722 4
295 727 5
296 32 4
296 48 5
296 83 5
296 272 5
296 275 4
296 286 5
296 427 5
296 510 5
296 544 4
296 961 5
297 182 3
297 198 3
297 216 4
297 218 3
297 286 5
297 307 4
297 588 4
297 628 4
297 736 4
297 1016 3
298 8 5
298 98 4
298 151 3
298 261 4
298 418 4
298 432 4
298 465 4
298 477 4
298 842 4
298 1142 4
299 186 3
299 235 1
299 240 2
299 387 2
299 588 4
299 615 4
299 641 4
299 847 4
299 971 2
299 1047 2
300 264 1
300 288 4
300 294 3
300 300 4
300 409 4
300 687 2
300 833 4
300 881 5
300 1012 4
300 1094 5
301 138 2
301 172 5
301 174 5
301 202 5
301 496 5
301 523 4
301 606 3
301 610 3
301 660 4
301 1228 4
302 271 4
302 289 3
302 294 1
302 299 2
302 301 4
302 333 3
302 358 3
302 680 2
302 748 1
302 988 2
303 68 4
303 393 4
303 397 1
303 411 4
303 418 4
303 426 3
303 693 4
303 779 1
303 1098 4
303 1160 2
304 278 4
304 286 1
304 294 4
304 300 5
304 310 3
304 313 5
304 328 3
304 343 3
304 742 3
304 895 3
305 11 1
305 50 5
305 61 4
305 79 3
305 186 4
305 187 4
305 189 5
305 529 5
305 923 5
305 960 1
306 13 4
306 25 3
306 100 4
306 111 4
306 116 5
306 150 5
306 269 5
306 321 3
306 744 4
306 756 3
307 21 4
307 22 3
307 71 5
307 173 5
307 175 4
307 258 5
307 313 5
307 431 4
307 1110 4
307 1411 4
308 59 4
308 95 4
308 174 4
308 215 3
308 436 4
308 493 3
308 516 4
308 741 4
308 848 4
308 1286 3
309 258 5
309 286 4
309 304 3
309 319 4
309 334 4
309 690 3
309 879 4
309 989 3
309 1025 5
309 1296 2
310 50 5
310 181 4
310 222 3
310 251 5
310 274 3
310 275 5
310 294 1
310 740 4
310 1022 5
310 1386 1
311 5 3
311 28 5
311 83 5
311 172 5
311 180 4
311 203 5
311 385 5
311 419 3
311 849 3
311 1222 3
312 98 4
312 134 5
312 188 3
312 228 3
312 408 4
312 480 5
312 495 4
312 631 5
312 676 3
312 1299 4
313 31 4
313 65 2
313 71 4
313 148 2
313 175 4
313 191 5
313 245 3
313 265 4
313 488 5
313 673 4
314 9 4
314 73 4
314 90 2
314 743 1
314 791 4
314 833 4
314 929 3
314 1095 3
314 1139 5
314 1218 4
315 46 4
315 55 5
315 156 5
315 216 4
315 223 5
315 230 4
315 234 3
315 302 5
315 531 5
315 654 5
316 19 5
316 64 4
316 71 1
316 190 5
316 197 4
316 265 3
316 283 5
316 289 2
316 357 4
316 614 2
317 264 4
317 288 4
317 299 4
317 313 4
317 322 3
317 354 4
317 355 4
317 678 2
317 748 5
317 879 3
318 47 2
318 72 4
318 204 5
318 286 3
318 357 4
318 508 4
318 610 5
318 660 3
318 795 2
318 1014 2
319 259 2
319 261 3
319 268 4
319 306 4
319 332 4
319 346 3
319 682 3
319 689 3
319 750 3
319 751 3
320 11 4
320 118 1
320 148 4
320 174 4
320 210 5
320 250 4
320 291 4
320 433 4
320 456 3
320 1210 4
321 30 4
321 180 4
321 224 3
321 483 5
321 485 4
321 494 4
321 507 3
321 709 4
321 1028 2
321 1194 5
322 1 2
322 12 4
322 92 4
322 194 5
322 216 3
322 313 5
322 489 3
322 521 5
322 653 4
322 751 2
323 22 5
323 100 4
323 150 4
323 199 4
323 203 5
323 246 4
323 327 4
323 744 5
323 886 3
323 1017 3
324 9 5
324 123 4
324 255 4
324 258 4
324 288 5
324 300 5
324 307 5
324 322 4
324 872 5
324 877 1
325 98 4
325 109 2
325 143 1
325 177 5
325 181 4
325 187 3
325 474 5
325 484 5
325 506 5
325 865 3
326 54 3
326 318 5
326 444 4
326 448 3
326 503 3
326 526 5
326 528 3
326 646 2
326 675 4
326 732 5
327 93 4
327 133 4
327 169 2
327 431 3
327 474 3
327 497 4
327 558 4
327 655 4
327 811 4
327 962 3
328 4 3
328 10 4
328 43 3
328 216 3
328 431 2
328 523 5
328 528 5
328 627 3
328 655 4
328 679 2
329 124 5
329 147 3
329 269 4
329 272 5
329 276 4
329 300 4
329 303 4
329 338 2
329 855 4
329 924 3
330 8 5
330 38 4
330 44 5
330 50 5
330 181 5
330 204 5
330 213 5
330 575 4
330 603 5
330 823 3
331 58 3
331 64 4
331 277 4
331 305 5
331 653 3
331 702 3
331 705 2
331 811 4
331 868 4
331 933 3
332 44 3
332 98 5
332 148 5
332 156 4
332 595 4
332 673 5
332 696 3
332 1016 5
332 1150 3
332 1188 5
333 153 4
333 168 4
333 186 4
333 255 3
333 294 3
333 300 4
333 315 5
333 435 4
333 513 4
333 873 3
334 4 3
334 86 4
334 100 5
334 269 3
334 293 3
334 317 3
334 481 5
334 1008 4
334 1108 4
334 1207 2
335 258 1
335 300 5
335 305 4
335 307 5
335 313 3
335 323 4
335 342 2
335 355 3
335 748 2
335 902 5
336 117 3
336 208 2
336 239 3
336 282 3
336 451 2
336 742 3
336 845 1
336 999 2
336 1047 4
336 1057 4
337 15 5
337 121 5
337 127 3
337 222 5
337 449 4
337 450 2
337 471 5
337 515 5
337 520 5
337 1016 4
338 133 4
338 134 5
338 194 3
338 294 1
338 408 5
338 462 4
338 484 5
338 486 3
338 663 5
338 945 4
339 12 5
339 82 4
339 97 4
339 133 4
339 198 5
339 214 3
339 226 2
339 270 2
339 475 5
339 573 3
340 71 5
340 174 4
340 181 4
340 205 4
340 402 4
340 423 4
340 486 4
340 504 1
340 588 5
340 946 5
341 259 3
341 299 5
341 330 5
341 335 4
341 682 3
341 872 4
341 895 4
341 908 3
341 1025 5
341 1280 2
342 25 2
342 156 4
342 175 5
342 237 4
342 427 4
342 518 3
342 544 1
342 974 2
342 1071 4
342 1368 5
343 12 5
343 20 5
343 76 4
343 187 4
343 275 5
343 375 2
343 423 5
343 474 5
343 655 5
343 823 3
344 175 5
344 196 4
344 204 4
344 283 4
344 477 3
344 508 4
344 537 4
344 597 2
344 619 4
344 716 3
345 121 3
345 151 5
345 173 5
345 285 5
345 473 2
345 508 4
345 919 2
345 956 4
345 1082 2
345 1315 3
346 17 1
346 133 5
346 167 2
346 218 3
346 232 3
346 237 4
346 392 3
346 561 3
346 780 2
346 977 3
347 69 5
347 208 2
347 268 4
347 317 1
347 323 1
347 423 4
347 435 5
347 735 2
347 879 3
347 1088 1
348 15 4
348 245 4
348 276 3
348 294 4
348 406 4
348 411 4
348 472 4
348 473 3
348 834 4
348 975 4
349 9 4
349 10 5
349 15 4
349 20 5
349 120 3
349 121 2
349 288 3
349 544 4
349 596 2
349 1117 3
350 133 5
350 172 5
350 185 5
350 193 4
350 204 4
350 211 2
350 265 2
350 286 5
350 589 5
350 604 5
351 245 3
351 286 5
351 288 3
351 300 5
351 326 5
351 327 5
351 750 5
351 751 4
351 754 5
351 990 5
352 50 5
352 89 5
352 100 4
352 172 5
352 183 5
352 195 4
352 273 2
352 568 5
352 657 4
352 692 3
353 245 4
353 270 2
353 315 4
353 327 2
353 331 4
353 333 4
353 346 4
353 358 1
353 750 4
353 905 4
354 175 5
354 208 4
354 268 4
354 297 4
354 480 4
354 508 3
354 631 4
354 657 4
354 716 3
354 882 4
355 260 4
355 271 3
355 286 5
355 288 5
355 306 4
355 324 4
355 328 4
355 329 3
355 681 4
355 1392 4
356 286 3
356 292 3
356 307 4
356 310 3
356 312 3
356 315 4
356 316 4
356 331 3
356 347 4
356 1294 4
357 118 5
357 125 5
357 287 4
357 326 5
357 334 4
357 405 5
357 819 4
357 864 5
357 866 5
357 1095 3
358 127 1
358 213 5
358 268 3
358 318 5
358 511 2
358 529 3
358 558 4
358 584 4
358 666 3
358 863 5
359 1 4
359 7 5
359 121 4
359 246 3
359 286 5
359 298 5
359 405 3
359 408 5
359 472 4
359 546 3
360 28 4
360 79 4
360 194 3
360 197 5
360 242 4
360 283 4
360 302 4
360 588 3
360 663 4
360 735 5
361 14 4
361 97 4
361 111 3
361 183 4
361 185 5
361 286 5
361 402 3
361 498 4
361 655 3
361 709 5
362 245 4
362 264 1
362 300 5
362 313 4
362 322 3
362 332 5
362 350 5
362 689 5
362 748 1
362 1025 2
363 55 5
363 71 3
363 182 1
363 183 4
363 189 5
363 336 4
363 433 4
363 906 2
363 1007 5
363 1267 2
364 261 2
364 268 3
364 286 5
364 302 4
364 319 3
364 325 4
364 678 4
364 687 1
364 948 4
364 990 4
365 7 2
365 13 3
365 25 4
365 150 5
365 275 4
365 289 3
365 321 5
365 742 3
365 948 1
365 1048 3
366 7 2
366 56 5
366 98 5
366 184 4
366 219 5
366 413 4
366 445 5
366 559 5
366 573 5
366 854 5
367 56 5
367 201 5
367 219 4
367 258 4
367 288 5
367 326 4
367 334 4
367 448 4
367 452 4
367 551 3
368 17 5
368 56 4
368 89 4
368 181 4
368 201 5
368 217 5
368 218 2
368 313 5
368 320 5
368 569 3
369 179 4
369 268 5
369 316 5
369 346 4
369 358 3
369 751 4
369 752 4
369 890 3
369 900 4
369 919 5
370 22 4
370 153 2
370 257 5
370 294 1
370 493 5
370 511 4
370 604 4
370 608 4
370 631 4
370 659 4
371 42 3
371 50 4
371 64 4
371 79 5
371 98 5
371 210 4
371 234 5
371 265 5
371 423 5
371 627 4
372 77 5
372 322 3
372 325 4
372 327 5
372 448 4
372 547 5
372 561 5
372 574 4
372 581 5
372 649 3
373 81 2
373 89 5
373 151 4
373 230 4
373 241 5
373 290 5
373 399 3
373 420 4
373 427 4
373 1135 3
374 111 2
374 122 2
374 125 5
374 162 2
374 200 5
374 292 4
374 427 3
374 454 4
374 581 4
374 1028 1
375 5 4
375 77 4
375 183 5
375 185 5
375 218 3
375 288 4
375 302 5
375 525 4
375 770 3
375 939 3
376 11 4
376 111 4
376 181 4
376 198 5
376 223 4
376 246 3
376 268 3
376 427 4
376 514 4
376 707 4
377 7 4
377 56 4
377 98 5
377 268 3
377 313 5
377 316 4
377 338 3
377 358 3
377 508 4
377 1105 3
378 151 3
378 191 5
378 196 4
378 215 4
378 272 4
378 274 3
378 289 5
378 542 4
378 793 3
378 1478 3
379 90 2
379 164 4
379 176 5
379 192 4
379 391 4
379 401 3
379 402 3
379 443 4
379 735 4
379 1032 2
380 62 1
380 154 3
380 172 3
380 229 3
380 427 4
380 518 3
380 709 4
380 856 3
380 1168 3
380 1444 1
381 13 4
381 216 5
381 403 3
381 634 3
381 652 5
381 694 4
381 724 3
381 914 1
381 1439 3
381 1533 4
382 9 4
382 98 3
382 137 2
382 481 5
382 508 3
382 639 3
382 717 3
382 1142 3
382 1229 5
382 1534 4
383 9 5
383 14 5
383 19 4
383 86 5
383 137 5
383 197 5
383 302 4
383 313 2
383 483 5
383 513 5
384 289 5
384 300 4
384 302 5
384 313 5
384 316 5
384 327 4
384 329 3
384 333 4
384 751 4
384 879 4
385 99 2
385 129 3
385 153 4
385 195 1
385 224 2
385 340 4
385 423 2
385 474 5
385 661 4
385 1411 3
386 24 4
386 117 5
386 127 5
386 273 3
386 323 4
386 405 4
386 685 4
386 825 4
386 840 5
386 982 3
387 31 3
387 32 5
387 200 5
387 224 5
387 423 3
387 447 4
387 559 3
387 942 4
387 1007 5
387 1019 4
388 111 3
388 298 5
388 301 4
388 569 5
388 678 4
388 682 4
388 742 5
388 769 3
388 845 4
388 895 4
389 38 2
389 111 3
389 429 4
389 507 5
389 550 3
389 607 3
389 656 5
389 715 3
389 845 4
389 1530 2
390 1 5
390 126 5
390 275 5
390 277 2
390 283 4
390 289 3
390 302 5
390 319 5
390 515 4
390 742 4
391 47 4
391 97 4
391 195 2
391 203 4
391 204 3
391 474 5
391 497 3
391 530 5
391 924 2
391 1101 4
392 98 5
392 276 4
392 285 3
392 286 2
392 319 5
392 321 5
392 534 4
392 538 2
392 873 3
392 1014 3
393 88 3
393 128 3
393 252 3
393 539 3
393 681 3
393 683 4
393 763 5
393 932 3
393 940 2
393 1048 3
394 121 4
394 181 4
394 217 5
394 228 5
394 232 4
394 450 3
394 508 4
394 552 3
394 559 4
394 1079 3
395 64 5
395 98 5
395 210 5
395 237 4
395 257 5
395 313 3
395 328 4
395 338 4
395 342 4
395 596 2
396 1 4
396 288 3
396 322 4
396 328 4
396 329 2
396 591 3
396 595 3
396 977 3
396 986 4
396 1399 3
397 56 5
397 117 3
397 183 4
397 261 1
397 322 1
397 324 2
397 327 2
397 657 5
397 894 1
397 1298 3
398 15 5
398 70 4
398 144 5
398 172 5
398 284 2
398 357 4
398 417 3
398 493 5
398 520 5
398 659 3
399 33 3
399 154 3
399 196 5
399 372 3
399 402 3
399 531 3
399 742 4
399 924 5
399 1232 3
399 1543 3
400 258 5
400 269 4
400 286 4
400 288 4
400 294 3
400 301 4
400 306 3
400 332 2
400 690 3
400 748 2
401 26 3
401 111 4
401 137 3
401 173 3
401 204 5
401 210 4
401 284 3
401 462 4
401 527 4
401 866 3
402 25 4
402 32 3
402 48 5
402 96 5
402 151 5
402 222 4
402 235 3
402 245 1
402 479 5
402 511 5
403 127 4
403 240 1
403 274 3
403 284 1
403 288 4
403 410 2
403 471 5
403 748 5
403 845 4
403 1047 2
404 243 3
404 258 4
404 259 5
404 289 1
404 331 3
404 343 1
404 348 3
404 678 4
404 739 4
404 1238 3
405 190 2
405 210 5
405 465 1
405 521 4
405 524 1
405 570 1
405 692 5
405 721 1
405 1177 1
405 1503 1
406 14 4
406 58 4
406 85 2
406 429 4
406 463 5
406 469 4
406 488 4
406 645 5
406 651 3
406 1126 3
407 117 3
407 157 2
407 174 5
407 194 4
407 466 3
407 616 3
407 642 2
407 655 4
407 755 3
407 969 4
408 270 5
408 294 5
408 302 5
408 312 3
408 313 4
408 324 5
408 328 2
408 358 4
408 539 1
408 1296 4
409 6 4
409 59 5
409 199 4
409 201 1
409 214 4
409 497 3
409 516 4
409 520 2
409 659 5
409 1176 4
410 258 2
410 269 5
410 311 3
410 315 4
410 316 4
410 328 3
410 340 2
410 347 1
410 754 3
410 873 4
411 22 4
411 88 3
411 186 5
411 227 3
411 258 4
411 265 5
411 304 3
411 527 4
411 709 5
411 720 3
412 117 4
412 173 5
412 193 4
412 288 4
412 480 4
412 487 3
412 508 4
412 526 4
412 634 5
412 724 4
413 9 4
413 181 5
413 236 4
413 245 2
413 250 3
413 257 4
413 275 5
413 284 4
413 302 2
413 326 3
414 288 5
414 301 3
414 302 5
414 324 4
414 325 3
414 340 4
414 343 2
414 690 4
414 748 3
414 886 4
415 136 5
415 185 4
415 204 4
415 269 4
415 322 4
415 323 2
415 432 4
415 480 5
415 531 5
415 748 5
416 43 1
416 56 5
416 210 5
416 226 4
416 234 5
416 277 5
416 761 4
416 1035 3
416 1098 3
416 1147 4
417 12 4
417 42 4
417 67 4
417 135 3
417 159 4
417 196 5
417 552 2
417 658 2
417 710 4
417 1044 3
418 288 5
418 300 3
418 327 1
418 328 1
418 333 5
418 346 2
418 750 2
418 895 4
418 899 5
418 1313 2
419 14 5
419 79 4
419 89 3
419 100 5
419 134 5
419 405 3
419 478 5
419 604 5
419 615 5
419 617 4
420 14 5
420 100 5
420 116 4
420 408 4
420 475 4
420 478 3
420 508 3
420 513 5
420 603 4
420 750 4
421 7 3
421 11 2
421 174 5
421 176 5
421 182 5
421 302 4
421 466 4
421 516 5
421 517 2
421 914 3
422 1 3
422 100 4
422 200 5
422 273 5
422 276 5
422 358 2
422 379 2
422 477 4
422 926 2
422 1017 4
423 300 3
423 304 4
423 327 2
423 333 3
423 348 3
423 355 3
423 898 4
423 977 1
423 1011 3
423 1265 4
424 127 4
424 172 3
424 243 4
424 288 1
424 289 5
424 310 3
424 323 5
424 333 5
424 427 4
424 538 5
425 38 3
425 56 5
425 83 2
425 172 5
425 250 4
425 313 1
425 323 2
425 429 4
425 475 5
425 759 2
426 182 2
426 199 5
426 428 2
426 430 3
426 486 3
426 526 4
426 527 3
426 606 5
426 651 4
426 848 4
427 245 5
427 292 2
427 303 5
427 359 5
427 681 5
427 688 5
427 937 5
427 989 5
427 990 5
427 1265 5
428 243 4
428 289 4
428 300 5
428 323 3
428 331 4
428 877 5
428 879 4
428 896 4
428 908 4
428 988 1
429 97 4
429 371 2
429 431 5
429 491 3
429 633 3
429 709 4
429 941 3
429 944 3
429 1113 3
429 1119 3
430 9 3
430 12 4
430 221 5
430 264 2
430 273 4
430 286 4
430 288 4
430 293 3
430 302 4
430 1347 5
431 245 4
431 269 3
431 294 5
431 302 3
431 327 3
431 328 4
431 332 3
431 358 2
431 689 3
431 690 3
432 118 4
432 123 3
432 151 4
432 246 4
432 250 1
432 315 5
432 405 4
432 763 5
432 871 2
432 1047 5
433 12 5
433 59 5
433 95 3
433 294 3
433 322 2
433 333 2
433 435 4
433 754 3
433 1005 5
433 1598 1
434 9 1
434 147 3
434 148 3
434 237 5
434 763 5
434 833 4
434 844 3
434 1051 3
434 1095 5
434 1152 5
435 115 4
435 141 2
435 217 4
435 234 4
435 252 2
435 386 4
435 652 4
435 746 4
435 1028 2
435 1217 3
436 66 5
436 157 5
436 226 4
436 503 4
436 546 3
436 742 5
436 787 5
436 845 5
436 1206 3
436 1522 2
437 86 4
437 197 5
437 239 4
437 418 3
437 451 5
437 584 3
437 640 1
437 665 2
437 755 3
437 1113 4
438 100 4
438 118 4
438 220 4
438 245 5
438 255 4
438 280 5
438 286 2
438 471 4
438 845 4
438 866 5
439 7 4
439 147 4
439 237 5
439 240 3
439 246 4
439 273 2
439 285 5
439 300 4
439 895 3
439 1048 4
440 86 5
440 171 5
440 243 1
440 271 5
440 319 2
440 582 3
440 921 5
440 937 5
440 971 5
440 1191 5
441 7 4
441 100 3
441 121 4
441 282 4
441 294 4
441 300 3
441 313 4
441 338 4
441 342 4
441 538 3
442 29 3
442 38 3
442 41 4
442 129 4
442 452 3
442 559 2
442 572 3
442 578 2
442 591 3
442 636 5
443 175 2
443 260 1
443 269 3
443 294 5
443 309 5
443 313 4
443 333 5
443 343 5
443 358 1
443 748 4
444 9 5
444 245 4
444 251 5
444 258 3
444 271 3
444 275 4
444 306 5
444 313 4
444 328 5
444 748 1
445 12 2
445 50 2
445 121 1
445 150 2
445 246 1
445 291 2
445 763 2
445 886 3
445 1187 3
445 1245 1
446 270 4
446 286 3
446 292 5
446 302 4
446 303 2
446 328 3
446 334 3
446 688 2
446 690 2
446 754 3
447 9 2
447 68 5
447 91 4
447 180 5
447 206 4
447 252 3
447 288 4
447 300 4
447 760 4
447 879 3
448 304 3
448 305 4
448 321 4
448 333 2
448 338 1
448 340 4
448 750 5
448 900 3
448 1176 2
448 1602 4
449 117 3
449 122 1
449 127 5
449 170 4
449 171 4
449 276 5
449 293 4
449 546 2
449 1006 4
449 1318 2
450 38 4
450 144 5
450 179 5
450 252 3
450 384 3
450 462 4
450 659 5
450 739 4
450 1160 5
450 1269 4
451 260 5
451 264 3
451 319 2
451 322 4
451 331 5
451 457 2
451 683 1
451 875 2
451 984 4
451 1392 1
452 27 5
452 61 1
452 69 5
452 89 5
452 121 5
452 186 1
452 201 1
452 276 1
452 502 2
452 506 3
453 7 5
453 33 4
453 42 5
453 154 3
453 188 4
453 231 2
453 412 2
453 456 3
453 566 3
453 568 3
454 51 2
454 144 4
454 164 3
454 174 4
454 286 3
454 310 4
454 315 4
454 479 4
454 705 3
454 1299 2
455 161 4
455 196 4
455 214 3
455 255 2
455 300 4
455 343 4
455 508 4
455 531 3
455 597 3
455 647 4
456 3 4
456 22 4
456 200 4
456 231 2
456 447 3
456 568 2
456 708 4
456 710 3
456 963 4
456 979 3
457 58 4
457 156 5
457 164 4
457 285 5
457 385 4
457 527 5
457 720 3
457 758 2
457 825 5
457 1030 2
458 48 4
458 174 3
458 321 3
458 330 3
458 410 1
458 517 4
458 591 3
458 847 5
458 925 3
458 939 4
459 3 2
459 79 3
459 181 4
459 282 3
459 295 3
459 411 2
459 825 3
459 827 3
459 846 4
459 1047 3
460 14 5
460 146 4
460 149 4
460 301 3
460 302 4
460 311 5
460 322 3
460 532 3
460 713 4
460 1115 3
461 9 5
461 158 2
461 242 3
461 258 4
461 285 4
461 294 3
461 304 4
461 319 3
461 347 4
461 575 2
462 11 5
462 22 5
462 237 5
462 259 3
462 272 5
462 288 5
462 292 5
462 300 5
462 315 4
462 323 2
463 3 2
463 10 1
463 100 4
463 103 1
463 285 4
463 306 4
463 311 4
463 410 1
463 864 3
463 930 1
464 116 4
464 181 3
464 258 5
464 260 2
464 294 4
464 301 4
464 326 4
464 705 5
464 1226 4
464 1598 3
465 28 3
465 64 5
465 179 3
465 190 4
465 395 1
465 496 3
465 525 3
465 584 3
465 588 4
465 1078 2
466 2 1
466 232 4
466 315 5
466 333 4
466 334 3
466 350 4
466 546 4
466 566 3
466 882 5
466 1313 3
467 7 5
467 100 5
467 108 4
467 124 5
467 248 3
467 276 5
467 298 4
467 340 3
467 1016 4
467 1142 5
468 4 5
468 31 3
468 51 3
468 71 5
468 116 4
468 283 4
468 294 3
468 469 4
468 498 5
468 507 5
469 10 5
469 127 4
469 134 5
469 173 4
469 194 5
469 495 5
469 654 4
469 705 5
469 923 5
469 1558 5
470 19 4
470 137 3
470 221 4
470 246 2
470 285 3
470 288 4
470 293 4
470 295 3
470 813 3
470 952 3
471 8 5
471 50 3
471 102 5
471 151 2
471 404 2
471 422 5
471 501 3
471 768 3
471 878 4
471 932 5
472 118 4
472 232 4
472 250 5
472 625 4
472 689 4
472 756 4
472 931 2
472 940 4
472 977 3
472 1210 3
473 7 2
473 25 4
473 116 5
473 137 4
473 256 4
473 268 5
473 275 5
473 319 3
473 321 2
473 327 3
474 52 4
474 100 5
474 134 4
474 180 5
474 317 4
474 474 5
474 484 5
474 661 4
474 735 4
474 1028 1
475 50 5
475 127 4
475 258 1
475 269 4
475 302 3
475 303 1
475 306 5
475 327 4
475 354 2
475 539 3
476 33 4
476 42 4
476 63 3
476 328 4
476 435 3
476 585 1
476 734 4
476 748 2
476 944 2
476 1074 4
477 282 4
477 289 5
477 369 4
477 553 5
477 731 4
477 732 4
477 756 4
477 778 4
477 1041 5
477 1051 5
478 17 2
478 48 4
478 81 4
478 188 4
478 354 3
478 369 3
478 496 5
478 604 3
478 658 3
478 739 4
479 55 4
479 71 1
479 88 4
479 161 3
479 164 4
479 286 1
479 422 3
479 640 4
479 748 3
479 1013 1
480 8 5
480 165 5
480 166 5
480 191 4
480 265 3
480 298 2
480 347 3
480 510 4
480 517 4
480 642 4
481 216 5
481 238 4
481 367 3
481 505 5
481 514 4
481 648 5
481 650 3
481 659 5
481 692 4
481 780 1
482 50 4
482 243 2
482 245 4
482 269 4
482 288 3
482 315 3
482 328 4
482 346 3
482 748 4
482 881 3
483 12 2
483 20 2
483 199 3
483 275 4
483 277 3
483 286 3
483 365 2
483 405 3
483 538 2
483 612 3
484 53 1
484 228 5
484 265 5
484 343 2
484 463 4
484 560 4
484 651 5
484 778 5
484 879 4
484 926 4
485 269 4
485 286 2
485 301 2
485 303 4
485 311 3
485 319 3
485 326 2
485 328 2
485 330 3
485 748 2
486 6 4
486 123 3
486 257 3
486 287 4
486 321 3
486 690 2
486 818 3
486 874 3
486 882 2
486 994 3
487 117 5
487 121 4
487 252 1
487 276 3
487 293 5
487 501 4
487 658 4
487 672 4
487 739 2
487 932 3
488 180 2
488 228 4
488 292 3
488 468 5
488 474 2
488 485 3
488 491 4
488 605 3
488 655 3
488 662 4
489 263 2
489 272 5
489 302 5
489 331 5
489 334 4
489 343 5
489 355 5
489 681 3
489 682 4
489 908 5
490 124 4
490 237 1
490 258 2
490 273 1
490 277 3
490 286 2
490 298 3
490 515 3
490 596 1
490 1128 4
491 7 3
491 100 5
491 124 5
491 129 4
491 236 4
491 237 3
491 258 4
491 284 3
491 286 4
491 696 3
492 64 4
492 69 3
492 83 4
492 186 3
492 187 5
492 212 3
492 286 4
492 291 4
492 523 4
492 923 5
493 11 3
493 96 4
493 100 5
493 156 1
493 210 5
493 411 1
493 423 2
493 879 4
493 886 2
493 925 3
494 9 2
494 15 5
494 100 5
494 174 5
494 289 1
494 322 2
494 427 5
494 507 4
494 748 1
494 924 4
495 56 5
495 127 4
495 140 5
495 200 5
495 230 5
495 379 5
495 391 3
495 451 4
495 797 4
495 1444 2
496 38 2
496 42 5
496 154 2
496 380 2
496 727 5
496 746 3
496 921 5
496 1133 3
496 1401 3
496 1444 1
497 252 3
497 260 4
497 274 3
497 382 4
497 508 3
497 575 3
497 627 3
497 657 3
497 780 2
497 943 4
498 11 3
498 12 4
498 32 4
498 228 2
498 258 2
498 302 3
498 489 3
498 538 1
498 1103 4
498 1426 3
499 11 3
499 183 4
499 207 5
499 213 3
499 215 4
499 414 3
499 427 5
499 463 5
499 742 4
499 750 5
500 30 4
500 58 3
500 116 4
500 133 3
500 164 4
500 223 4
500 237 3
500 469 4
500 553 2
500 739 2
501 117 4
501 129 4
501 181 4
501 237 4
501 282 4
501 293 4
501 406 3
501 456 3
501 475 5
501 508 4
502 258 2
502 300 2
502 342 4
502 350 3
502 678 3
502 680 3
502 687 4
502 751 3
502 893 2
502 895 4
503 54 2
503 88 4
503 153 2
503 182 3
503 281 3
503 313 5
503 385 1
503 402 3
503 514 3
503 607 5
504 118 3
504 194 3
504 197 4
504 199 4
504 215 4
504 402 4
504 414 5
504 417 3
504 755 4
504 1437 2
505 54 3
505 66 4
505 195 3
505 271 4
505 422 3
505 468 4
505 566 3
505 623 3
505 651 3
505 705 3
506 50 5
506 72 3
506 77 3
506 88 4
506 230 4
506 475 1
506 779 2
506 1016 4
506 1219 2
506 1608 2
507 271 5
507 300 5
507 302 5
507 310 4
507 316 5
507 328 5
507 405 5
507 689 5
507 827 5
507 1089 5
508 13 4
508 73 3
508 88 3
508 109 3
508 115 3
508 209 5
508 218 2
508 239 2
508 436 4
508 502 4
509 258 4
509 289 2
509 301 2
509 302 5
509 307 2
509 326 4
509 332 2
509 345 1
509 603 4
509 754 1
510 243 3
510 258 4
510 288 3
510 300 5
510 313 5
510 333 3
510 457 2
510 681 1
510 876 2
510 1025 3
511 260 4
511 288 4
511 300 4
511 322 3
511 682 4
511 872 5
511 880 5
511 887 5
511 908 4
511 948 3
512 50 5
512 56 5
512 183 5
512 258 3
512 273 5
512 286 5
512 302 4
512 325 2
512 527 5
512 1238 4
513 50 5
513 210 5
513 252 5
513 257 4
513 258 4
513 323 5
513 435 5
513 685 4
513 739 5
513 841 4
514 1 5
514 4 4
514 83 5
514 150 3
514 179 4
514 269 4
514 344 3
514 558 4
514 609 4
514 748 2
515 258 4
515 271 4
515 302 3
515 307 4
515 310 3
515 322 3
515 323 3
515 328 2
515 682 4
515 750 2
516 194 4
516 204 4
516 212 4
516 214 3
516 286 5
516 357 3
516 431 3
516 474 5
516 515 4
516 660 5
517 1 3
517 50 5
517 105 1
517 127 4
517 222 4
517 258 5
517 335 3
517 538 4
517 761 5
517 1047 2
518 7 3
518 100 4
518 123 2
518 236 3
518 370 4
518 458 3
518 685 5
518 717 5
518 1017 3
518 1028 3
519 263 5
519 288 4
519 299 5
519 324 1
519 330 5
519 748 2
519 878 5
519 908 5
519 1062 5
519 1591 5
520 100 4
520 240 1
520 242 5
520 286 5
520 294 3
520 302 3
520 310 4
520 311 3
520 690 5
520 898 5
521 161 2
521 202 3
521 232 3
521 238 3
521 241 4
521 248 3
521 291 1
521 423 3
521 427 3
521 659 4
522 11 4
522 12 5
522 23 5
522 134 5
522 192 5
522 492 4
522 510 5
522 521 5
522 543 4
522 654 4
523 3 4
523 50 5
523 166 4
523 549 4
523 629 5
523 727 4
523 792 4
523 935 5
523 1009 5
523 1022 4
524 66 3
524 95 3
524 143 3
524 198 4
524 234 4
524 603 3
524 942 4
524 1044 4
524 1154 1
524 1560 4
525 25 5
525 111 4
525 118 3
525 252 3
525 255 1
525 276 5
525 595 2
525 685 4
525 1011 3
525 1012 3
526 1 5
526 243 1
526 250 2
526 312 2
526 408 5
526 676 5
526 678 1
526 886 3
526 919 3
526 936 5
527 56 4
527 99 3
527 190 4
527 207 4
527 210 4
527 285 5
527 513 4
527 634 5
527 653 4
527 1109 3
528 50 5
528 82 4
528 174 5
528 181 5
528 194 5
528 238 3
528 393 2
528 523 4
528 615 4
528 657 5
529 245 3
529 270 4
529 271 4
529 294 4
529 310 4
529 319 4
529 326 4
529 682 4
529 876 3
529 886 4
530 56 3
530 60 5
530 70 4
530 163 3
530 172 4
530 178 5
530 191 5
530 319 3
530 357 5
530 483 3
531 245 4
531 286 5
531 302 5
531 338 1
531 688 1
531 690 5
531 748 4
531 751 4
531 890 1
531 895 2
532 96 5
532 301 4
532 338 3
532 345 4
532 348 4
532 412 2
532 655 5
532 692 5
532 769 2
532 1119 5
533 245 3
533 252 4
533 274 4
533 322 4
533 450 5
533 475 1
533 582 3
533 651 4
533 673 3
533 724 4
534 150 3
534 151 4
534 240 5
534 290 4
534 456 5
534 471 5
534 595 4
534 628 5
534 1059 4
534 1199 5
535 8 4
535 39 4
535 181 4
535 182 3
535 212 4
535 285 4
535 454 3
535 489 4
535 662 3
535 923 4
536 21 3
536 50 5
536 69 5
536 133 4
536 217 3
536 271 3
536 511 5
536 582 2
536 584 5
536 603 4
537 134 5
537 143 1
537 177 3
537 206 1
537 312 3
537 475 4
537 507 4
537 570 2
537 844 4
537 1085 4
538 56 4
538 69 5
538 97 5
538 98 5
538 117 3
538 196 4
538 216 4
538 238 5
538 240 2
538 692 3
539 22 3
539 45 4
539 58 3
539 155 4
539 170 5
539 197 5
539 285 4
539 481 4
539 527 4
539 956 5
540 126 3
540 240 3
540 249 3
540 294 4
540 310 4
540 323 3
540 591 3
540 596 4
540 820 3
540 1048 4
541 1 4
541 143 4
541 239 4
541 255 3
541 274 4
541 419 5
541 465 4
541 560 3
541 763 3
541 810 3
542 28 4
542 56 5
542 69 4
542 367 4
542 496 4
542 693 4
542 721 2
542 866 2
542 1059 4
542 1218 3
543 15 3
543 85 2
543 117 3
543 175 3
543 176 4
543 207 5
543 231 3
543 591 4
543 1194 4
543 1262 2
544 259 1
544 271 3
544 288 2
544 310 2
544 313 5
544 328 3
544 331 3
544 338 2
544 343 2
544 750 3
545 22 3
545 54 4
545 89 3
545 226 3
545 229 3
545 447 3
545 472 5
545 524 4
545 648 3
545 810 4
546 56 5
546 222 4
546 347 5
546 349 4
546 458 1
546 569 4
546 717 5
546 860 4
546 895 3
546 930 5
547 289 3
547 294 1
547 302 5
547 303 3
547 313 5
547 315 4
547 319 4
547 338 2
547 340 4
547 345 5
548 147 5
548 235 3
548 255 4
548 311 3
548 458 3
548 477 1
548 657 5
548 760 3
548 1073 4
548 1405 3
549 1 5
549 118 4
549 121 4
549 127 5
549 181 4
549 237 4
549 282 3
549 411 3
549 620 3
549 748 4
550 50 5
550 121 5
550 125 4
550 288 5
550 301 2
550 304 3
550 310 5
550 328 5
550 748 4
550 1620 4
551 22 5
551 31 4
551 181 2
551 223 4
551 260 5
551 292 3
551 458 2
551 576 2
551 581 5
551 950 2
552 118 3
552 123 3
552 249 3
552 455 3
552 471 3
552 620 3
552 742 4
552 760 3
552 829 3
552 864 3
553 89 5
553 98 5
553 131 5
553 199 4
553 265 5
553 307 4
553 485 3
553 496 3
553 604 5
553 646 4
554 9 4
554 67 3
554 82 4
554 228 5
554 411 3
554 432 4
554 542 3
554 742 3
554 845 3
554 951 3
555 117 4
555 120 4
555 147 4
555 169 5
555 269 5
555 271 3
555 288 3
555 302 3
555 326 4
555 357 4
556 12 5
556 64 5
556 134 5
556 187 5
556 288 4
556 294 2
556 481 5
556 513 4
556 603 5
556 1065 4
557 58 4
557 150 3
557 269 3
557 288 1
557 299 4
557 327 3
557 872 5
557 887 3
557 892 3
557 1070 2
558 9 4
558 15 3
558 100 5
558 137 4
558 269 4
558 275 4
558 283 3
558 285 5
558 286 4
558 744 4
559 127 4
559 191 5
559 210 4
559 238 1
559 265 4
559 427 4
559 527 4
559 528 4
559 687 3
559 1101 4
560 1 4
560 13 3
560 25 3
560 235 2
560 258 5
560 281 3
560 288 4
560 423 4
560 478 4
560 480 3
561 15 3
561 53 3
561 109 1
561 211 4
561 469 4
561 489 4
561 501 3
561 582 4
561 584 3
561 1009 4
562 5 4
562 66 1
562 89 1
562 197 4
562 402 5
562 416 5
562 427 4
562 477 4
562 727 5
562 1039 4
563 70 4
563 118 4
563 153 4
563 181 4
563 255 5
563 403 4
563 476 3
563 678 2
563 781 4
563 862 1
564 50 4
564 181 4
564 289 4
564 292 4
564 300 4
564 313 4
564 323 3
564 597 4
564 831 3
564 930 3
565 30 5
565 83 5
565 166 4
565 382 5
565 638 4
565 639 5
565 652 5
565 713 5
565 970 4
565 1396 5
566 7 4
566 77 4
566 89 4
566 154 3
566 196 4
566 235 3
566 242 5
566 651 4
566 727 4
566 755 2
567 1 3
567 221 5
567 257 3
567 318 2
567 480 4
567 483 5
567 517 5
567 606 4
567 919 4
567 1020 3
568 6 3
568 165 4
568 286 3
568 435 2
568 474 5
568 491 2
568 525 3
568 988 1
568 1005 1
568 1203 5
569 117 3
569 237 4
569 248 4
569 252 3
569 287 4
569 302 4
569 340 4
569 458 2
569 475 3
569 676 4
570 258 3
570 268 3
570 271 4
570 286 4
570 289 1
570 321 1
570 358 2
570 748 3
570 879 2
570 886 2
571 32 2
571 45 4
571 69 2
571 114 4
571 144 2
571 181 4
571 191 4
571 357 4
571 484 4
571 1039 3
572 9 5
572 14 4
572 100 3
572 222 2
572 284 3
572 286 4
572 301 4
572 319 4
572 813 4
572 924 1
573 162 4
573 176 3
573 183 3
573 185 3
573 205 3
573 275 4
573 492 4
573 632 4
573 713 4
573 1012 2
574 269 5
574 289 4
574 310 4
574 319 5
574 333 3
574 345 2
574 347 3
574 900 4
574 910 1
574 1062 5
575 79 5
575 96 5
575 98 4
575 111 1
575 127 2
575 182 3
575 294 1
575 304 2
575 321 3
575 963 1
576 15 4
576 50 4
576 137 3
576 248 4
576 257 4
576 275 3
576 319 3
576 323 3
576 514 5
576 815 3
577 15 3
577 38 2
577 110 4
577 186 4
577 218 3
577 380 3
577 393 4
577 443 4
577 720 4
577 1291 3
578 222 4
578 245 3
578 246 2
578 268 2
578 272 2
578 288 3
578 298 4
578 313 5
578 324 1
578 346 3
579 49 3
579 100 4
579 111 4
579 183 4
579 216 5
579 288 4
579 408 3
579 603 5
579 655 3
579 1047 3
580 100 3
580 181 5
580 250 5
580 252 5
580 289 5
580 405 2
580 455 4
580 471 3
580 546 1
580 687 3
581 127 5
581 222 3
581 253 5
581 269 3
581 275 3
581 276 3
581 285 5
581 475 4
581 515 4
581 1375 5
582 3 3
582 7 5
582 50 5
582 121 3
582 181 4
582 237 3
582 268 4
582 410 3
582 760 3
582 1215 4
583 7 5
583 55 4
583 258 4
583 357 5
583 425 5
583 483 5
583 513 5
583 519 5
583 530 4
583 708 5
584 25 3
584 161 4
584 222 4
584 227 4
584 228 5
584 230 4
584 249 4
584 423 4
584 431 3
584 450 2
585 45 5
585 116 3
585 166 4
585 190 4
585 212 5
585 224 2
585 638 4
585 639 4
585 707 5
585 1018 2
586 28 3
586 174 4
586 176 3
586 186 2
586 235 3
586 403 4
586 568 3
586 926 4
586 928 3
586 1407 3
587 259 4
587 272 5
587 300 4
587 312 2
587 326 3
587 343 4
587 682 3
587 688 3
587 873 3
587 1624 2
588 25 4
588 40 4
588 73 3
588 99 5
588 143 5
588 258 4
588 260 2
588 347 5
588 423 3
588 783 4
589 258 2
589 271 3
589 272 5
589 286 3
589 294 5
589 300 5
589 307 1
589 538 5
589 749 3
589 892 4
590 9 3
590 14 5
590 15 3
590 130 1
590 255 1
590 282 2
590 475 4
590 515 3
590 744 4
590 1129 3
591 72 3
591 88 3
591 235 3
591 275 4
591 367 3
591 514 4
591 580 2
591 921 4
591 934 3
591 1111 4
592 202 5
592 288 5
592 324 4
592 336 1
592 742 4
592 988 1
592 1009 3
592 1134 5
592 1315 2
592 1623 4
593 65 3
593 66 5
593 70 5
593 196 5
593 216 5
593 245 3
593 402 4
593 501 2
593 597 2
593 609 3
594 15 4
594 19 3
594 221 4
594 242 4
594 245 3
594 269 4
594 276 3
594 292 3
594 357 4
594 483 3
595 15 4
595 129 3
595 282 4
595 291 3
595 368 1
595 369 3
595 597 2
595 930 2
595 994 4
595 1009 4
596 50 5
596 149 3
596 222 3
596 276 3
596 286 4
596 289 3
596 295 4
596 300 4
596 328 5
596 895 3
597 50 5
597 225 4
597 235 4
597 250 4
597 264 4
597 283 5
597 295 3
597 713 2
597 763 4
597 1534 1
598 22 5
598 269 3
598 286 5
598 312 5
598 347 3
598 690 3
598 691 2
598 748 4
598 751 3
598 895 2
599 111 5
599 237 5
599 319 2
599 508 3
599 535 4
599 595 5
599 756 5
599 815 3
599 975 5
599 1315 4
600 27 3
600 38 3
600 176 5
600 226 4
600 228 3
600 265 3
600 435 5
600 526 4
600 550 4
600 1231 2
601 39 1
601 109 4
601 164 4
601 179 5
601 184 3
601 196 3
601 250 4
601 276 4
601 411 2
601 496 4
602 1 4
602 9 4
602 121 4
602 237 4
602 257 4
602 343 2
602 358 4
602 457 3
602 538 4
602 895 3
603 183 4
603 229 4
603 271 2
603 380 4
603 385 4
603 429 5
603 748 5
603 923 4
603 1240 5
603 1483 5
604 48 5
604 56 2
604 100 5
604 127 4
604 184 3
604 218 3
604 443 3
604 448 5
604 558 4
604 637 4
605 9 4
605 98 5
605 133 5
605 237 3
605 318 5
605 462 5
605 483 5
605 754 3
605 827 3
605 1040 2
606 11 5
606 95 4
606 124 3
606 197 3
606 210 3
606 228 5
606 287 4
606 763 5
606 966 5
606 1277 3
607 30 4
607 212 3
607 213 4
607 222 3
607 474 4
607 475 4
607 483 4
607 485 3
607 498 4
607 511 5
608 97 3
608 162 3
608 193 4
608 265 3
608 419 4
608 489 5
608 609 5
608 695 5
608 789 3
608 1113 3
609 243 1
609 259 1
609 294 2
609 319 1
609 408 5
609 475 2
609 877 5
609 890 1
609 894 1
609 1012 1
610 7 2
610 12 5
610 56 3
610 97 3
610 143 5
610 288 3
610 294 1
610 331 3
610 427 5
610 591 3
611 262 4
611 269 4
611 313 3
611 334 5
611 336 5
611 346 5
611 347 4
611 355 1
611 873 3
611 887 2
612 1 4
612 7 3
612 117 4
612 147 4
612 259 3
612 275 5
612 300 4
612 477 2
612 864 4
612 1060 4
613 50 5
613 272 5
613 318 5
613 435 5
613 478 5
613 514 4
613 576 3
613 607 4
613 632 3
613 1315 4
614 122 3
614 255 5
614 279 3
614 405 2
614 410 3
614 472 3
614 476 3
614 717 4
614 1009 3
614 1134 2
615 69 4
615 127 5
615 179 4
615 199 5
615 294 3
615 527 4
615 640 3
615 660 4
615 707 3
615 988 1
616 260 3
616 322 4
616 323 4
616 328 3
616 329 3
616 331 4
616 333 2
616 347 4
616 348 3
616 873 3
617 89 4
617 100 4
617 134 3
617 185 5
617 217 1
617 242 3
617 436 3
617 488 4
617 590 1
617 647 3
618 12 4
618 131 4
618 237 4
618 273 4
618 496 4
618 697 3
618 724 3
618 778 3
618 944 2
618 1071 1
619 50 4
619 288 3
619 313 5
619 350 3
619 405 3
619 515 1
619 651 5
619 720 4
619 825 2
619 1314 3
620 121 5
620 148 3
620 281 5
620 379 4
620 501 4
620 563 5
620 625 3
620 678 3
620 682 2
620 1035 4
621 4 4
621 33 4
621 72 2
621 181 5
621 197 4
621 364 3
621 423 4
621 451 1
621 554 4
621 876 2
622 11 4
622 12 5
622 30 4
622 105 3
622 120 1
622 196 3
622 240 3
622 283 4
622 519 3
622 521 5
623 66 4
623 181 5
623 183 3
623 234 4
623 283 4
623 298 2
623 435 5
623 504 3
623 648 5
623 659 5
624 137 4
624 242 4
624 258 4
624 285 5
624 327 4
624 347 4
624 475 4
624 815 3
624 886 4
624 952 3
625 169 5
625 183 3
625 188 4
625 195 4
625 209 3
625 213 4
625 222 4
625 248 4
625 265 3
625 546 2
626 258 4
626 264 1
626 268 4
626 313 5
626 323 1
626 330 3
626 332 3
626 358 1
626 748 2
626 923 5
627 97 2
627 157 4
627 162 3
627 175 1
627 300 4
627 549 3
627 581 3
627 649 4
627 720 2
627 956 2
628 173 3
628 242 5
628 288 5
628 292 5
628 326 5
628 333 5
628 338 5
628 340 5
628 1025 5
628 1296 5
629 11 2
629 117 5
629 195 4
629 197 5
629 207 4
629 317 4
629 463 4
629 880 4
629 886 3
629 991 1
630 12 4
630 25 2
630 71 3
630 191 3
630 222 4
630 243 2
630 250 1
630 258 3
630 412 1
630 477 4
631 288 3
631 294 3
631 310 4
631 315 4
631 323 2
631 332 3
631 682 2
631 873 2
631 877 2
631 886 4
632 68 1
632 79 5
632 96 5
632 97 4
632 159 3
632 172 5
632 237 3
632 470 4
632 480 5
632 746 3
633 110 3
633 172 3
633 183 4
633 252 3
633 276 3
633 317 3
633 322 3
633 385 4
633 566 3
633 651 3
634 124 3
634 129 4
634 150 3
634 221 1
634 460 3
634 596 3
634 597 4
634 823 3
634 979 3
634 1199 1
635 1 4
635 15 3
635 117 2
635 237 3
635 255 4
635 276 3
635 323 3
635 327 5
635 879 3
635 1025 2
636 10 5
636 15 5
636 25 5
636 106 4
636 118 5
636 235 4
636 272 5
636 275 3
636 283 3
636 760 5
637 255 3
637 294 3
637 408 5
637 410 2
637 471 2
637 515 4
637 544 3
637 833 1
637 985 2
637 1344 4
638 89 4
638 100 3
638 118 3
638 144 5
638 230 5
638 238 4
638 241 3
638 430 5
638 514 2
638 515 4
639 166 3
639 198 2
639 210 3
639 517 2
639 527 4
639 553 3
639 962 1
639 1020 4
639 1121 2
639 1194 5
640 12 5
640 195 4
640 357 5
640 474 4
640 566 4
640 578 3
640 663 5
640 720 3
640 952 4
640 1016 3
641 50 3
641 89 4
641 209 4
641 242 5
641 285 5
641 305 5
641 338 3
641 427 4
641 496 2
641 1194 3
642 97 4
642 105 5
642 133 5
642 135 3
642 210 5
642 443 2
642 768 4
642 1023 3
642 1033 3
642 1415 4
643 87 5
643 117 3
643 203 4
643 443 4
643 484 5
643 597 2
643 712 3
643 794 3
643 820 3
643 928 4
644 258 4
644 261 4
644 289 1
644 291 4
644 293 4
644 307 4
644 328 4
644 597 4
644 1610 3
644 1620 4
645 55 3
645 59 5
645 81 4
645 87 4
645 200 5
645 203 4
645 286 4
645 403 3
645 434 4
645 956 4
646 310 3
646 313 5
646 315 4
646 332 3
646 349 2
646 678 3
646 751 2
646 892 2
646 893 3
646 908 3
647 72 4
647 134 4
647 250 3
647 255 4
647 257 2
647 291 3
647 427 4
647 705 4
647 742 4
647 993 4
648 69 1
648 98 4
648 133 4
648 194 5
648 411 2
648 554 4
648 797 3
648 1050 4
648 1072 2
648 1244 3
649 24 4
649 50 4
649 117 5
649 121 2
649 181 4
649 250 3
649 282 4
649 298 4
649 471 5
649 678 3
650 7 4
650 217 3
650 399 3
650 429 4
650 480 5
650 521 3
650 665 2
650 708 3
650 737 2
650 751 2
651 127 4
651 269 5
651 276 4
651 301 3
651 302 5
651 322 3
651 332 3
651 515 5
651 690 3
651 995 1
652 96 4
652 125 2
652 257 2
652 275 4
652 286 3
652 300 4
652 307 4
652 333 4
652 748 3
652 984 2
653 83 5
653 153 2
653 157 5
653 211 1
653 436 1
653 576 1
653 622 3
653 1014 2
653 1140 1
653 1210 2
654 69 4
654 128 5
654 257 4
654 278 3
654 313 5
654 678 4
654 746 3
654 1009 3
654 1035 4
654 1285 4
655 14 3
655 52 3
655 98 4
655 179 4
655 224 3
655 281 2
655 344 4
655 726 2
655 918 2
655 935 3
656 269 3
656 270 3
656 272 3
656 301 3
656 322 1
656 326 1
656 338 3
656 346 3
656 896 5
656 903 2
657 9 4
657 109 1
657 111 5
657 118 1
657 269 5
657 273 3
657 282 3
657 294 5
657 301 3
657 302 2
658 31 3
658 70 3
658 182 5
658 318 4
658 510 3
658 511 4
658 515 5
658 718 3
658 724 3
658 943 3
659 77 4
659 89 4
659 127 5
659 144 4
659 161 3
659 179 1
659 419 5
659 654 4
659 659 3
659 855 2
660 17 1
660 63 2
660 97 3
660 313 4
660 362 2
660 432 4
660 462 2
660 546 2
660 797 2
660 1181 1
661 52 4
661 95 5
661 357 4
661 408 5
661 425 4
661 436 4
661 531 4
661 676 4
661 727 4
661 1045 3
662 10 4
662 13 4
662 246 5
662 275 4
662 276 3
662 985 4
662 1342 4
662 1380 2
662 1381 5
662 1652 3
663 47 4
663 273 4
663 274 3
663 286 3
663 332 4
663 471 3
663 544 4
663 603 4
663 924 3
663 1073 3
664 7 3
664 79 4
664 81 5
664 168 4
664 197 4
664 466 4
664 469 3
664 514 5
664 663 4
664 732 3
665 7 4
665 15 4
665 24 3
665 156 5
665 172 4
665 298 3
665 328 4
665 508 2
665 588 4
665 1283 3
666 4 5
666 174 3
666 179 5
666 202 5
666 206 4
666 301 4
666 492 4
666 792 4
666 831 2
666 1098 4
667 131 5
667 137 3
667 168 3
667 186 4
667 313 3
667 461 4
667 482 4
667 504 3
667 527 4
667 880 3
668 82 4
668 97 2
668 210 5
668 257 3
668 271 4
668 283 5
668 311 4
668 323 4
668 333 3
668 358 3
669 82 4
669 117 1
669 127 5
669 174 3
669 300 4
669 508 3
669 517 3
669 523 4
669 527 3
669 902 2
670 98 2
670 168 3
670 417 4
670 479 5
670 511 4
670 606 4
670 611 5
670 657 5
670 659 5
670 949 2
671 53 3
671 182 4
671 258 5
671 298 4
671 405 3
671 576 5
671 578 3
671 685 5
671 1222 3
671 1239 3
672 15 3
672 25 5
672 109 4
672 124 3
672 255 2
672 269 3
672 275 5
672 280 2
672 815 4
672 1023 2
673 258 2
673 268 1
673 272 5
673 292 4
673 300 3
673 301 3
673 315 5
673 323 2
673 327 4
673 345 4
674 1 4
674 125 5
674 151 2
674 252 2
674 300 3
674 304 3
674 315 3
674 323 3
674 685 3
674 763 5
675 258 3
675 311 3
675 312 2
675 318 5
675 344 4
675 463 5
675 891 2
675 900 4
675 937 1
675 1007 4
676 117 4
676 144 4
676 169 5
676 172 5
676 245 4
676 315 4
676 948 1
676 962 4
676 1527 1
676 1654 1
677 14 1
677 222 4
677 245 5
677 268 5
677 457 1
677 471 4
677 678 4
677 748 4
677 1240 5
677 1245 4
678 15 3
678 100 5
678 117 4
678 237 3
678 275 2
678 276 5
678 515 4
678 742 4
678 1115 3
678 1129 1
679 8 2
679 56 4
679 69 4
679 73 4
679 132 4
679 204 3
679 241 3
679 291 4
679 419 3
679 710 4
680 15 3
680 98 4
680 100 3
680 117 4
680 169 5
680 195 4
680 285 5
680 286 4
680 515 4
680 815 3
681 289 5
681 292 4
681 310 3
681 328 3
681 538 3
681 682 1
681 750 5
681 990 4
681 1105 3
681 1394 5
682 164 3
682 333 4
682 509 2
682 655 5
682 780 3
682 1045 3
682 1089 2
682 1107 2
682 1118 3
682 1303 2
683 187 5
683 299 3
683 302 5
683 303 3
683 306 3
683 308 3
683 321 5
683 358 2
683 900 1
683 1280 3
684 94 3
684 111 4
684 121 3
684 186 4
684 237 5
684 239 4
684 371 2
684 625 3
684 722 2
684 934 3
685 288 2
685 289 2
685 299 2
685 324 3
685 333 1
685 337 2
685 872 2
685 875 3
685 882 3
685 886 1
686 64 5
686 79 4
686 99 5
686 134 5
686 170 5
686 185 5
686 205 5
686 234 4
686 327 5
686 588 4
687 268 5
687 286 3
687 294 3
687 300 4
687 313 5
687 321 4
687 323 2
687 324 2
687 879 3
687 895 4
688 304 5
688 307 4
688 309 5
688 338 5
688 341 5
688 349 5
688 359 5
688 898 5
688 1127 5
688 1234 5
689 15 5
689 50 5
689 109 5
689 121 5
689 150 4
689 295 1
689 298 4
689 328 5
689 748 5
689 763 4
690 64 5
690 98 5
690 163 3
690 174 4
690 194 4
690 204 3
690 239 2
690 649 4
690 794 3
690 1207 3
691 178 5
691 185 5
691 304 3
691 318 5
691 500 3
691 604 5
691 631 4
691 650 5
691 672 1
691 748 4
692 127 3
692 168 2
692 204 5
692 238 4
692 249 3
692 294 3
692 328 4
692 763 3
692 845 3
692 1054 3
693 23 4
693 25 4
693 39 3
693 53 4
693 69 3
693 143 4
693 333 3
693 427 4
693 432 4
693 655 3
694 9 5
694 48 4
694 50 5
694 121 5
694 199 5
694 200 4
694 275 4
694 610 4
694 671 3
694 699 4
695 242 5
695 268 5
695 270 4
695 288 4
695 305 3
695 311 4
695 346 5
695 682 1
695 895 1
695 991 5
696 245 4
696 302 5
696 307 5
696 313 3
696 347 1
696 427 5
696 748 1
696 906 3
696 1062 4
696 1126 3
697 123 5
697 125 3
697 242 5
697 277 5
697 596 4
697 628 4
697 754 3
697 989 2
697 1059 2
697 1245 1
698 177 1
698 210 5
698 275 4
698 307 4
698 485 4
698 491 2
698 603 4
698 656 1
698 659 3
698 751 3
699 112 3
699 224 3
699 235 3
699 258 5
699 300 3
699 479 3
699 495 3
699 544 4
699 678 3
699 749 3
700 48 4
700 56 3
700 73 3
700 169 3
700 173 5
700 174 4
700 202 3
700 318 4
700 423 4
700 651 4
701 50 5
701 272 5
701 275 5
701 289 4
701 303 4
701 311 5
701 313 4
701 328 4
701 689 3
701 690 4
702 222 5
702 227 4
702 230 4
702 258 5
702 343 2
702 449 3
702 538 4
702 683 1
702 748 2
702 879 1
703 9 2
703 50 5
703 222 4
703 235 1
703 237 5
703 259 1
703 410 4
703 471 4
703 845 4
703 864 2
704 50 5
704 154 3
704 178 5
704 180 4
704 191 3
704 289 3
704 429 4
704 486 4
704 514 4
704 1296 4
705 8 3
705 50 4
705 64 5
705 121 5
705 151 3
705 172 3
705 233 3
705 265 5
705 385 4
705 627 3
706 148 4
706 181 4
706 273 3
706 288 3
706 294 4
706 325 1
706 471 4
706 682 2
706 742 2
706 756 4
707 83 3
707 154 3
707 166 3
707 283 4
707 427 4
707 478 4
707 487 2
707 531 5
707 1176 2
707 1281 4
708 271 1
708 328 3
708 358 2
708 538 2
708 751 4
708 764 4
708 847 3
708 864 3
708 934 4
708 1047 2
709 28 5
709 92 4
709 125 4
709 164 3
709 187 5
709 200 4
709 229 2
709 265 4
709 633 3
709 816 2
710 23 5
710 99 4
710 134 5
710 142 3
710 310 3
710 313 4
710 318 4
710 335 1
710 603 4
710 1039 4
711 25 4
711 137 5
711 196 5
711 229 3
711 483 5
711 488 4
711 699 5
711 707 5
711 1152 1
711 1466 4
712 82 5
712 181 5
712 213 3
712 399 5
712 465 4
712 542 4
712 728 4
712 785 5
712 790 4
712 812 4
713 286 3
713 302 4
713 313 3
713 327 2
713 342 3
713 344 5
713 345 3
713 347 4
713 362 1
713 898 3
714 7 4
714 15 3
714 50 5
714 250 5
714 289 3
714 300 5
714 405 5
714 685 4
714 763 4
714 1016 5
715 58 4
715 70 3
715 73 4
715 150 4
715 174 4
715 175 3
715 204 4
715 217 2
715 425 4
715 1011 4
716 153 4
716 160 2
716 163 4
716 416 3
716 470 4
716 499 4
716 503 3
716 602 5
716 707 4
716 836 4
717 100 4
717 117 4
717 222 4
717 235 4
717 290 3
717 291 4
717 301 4
717 302 5
717 331 3
717 980 4
718 273 3
718 274 3
718 284 4
718 471 5
718 546 4
718 742 5
718 820 2
718 879 2
718 1048 2
718 1165 3
719 7 2
719 9 4
719 23 3
719 121 1
719 282 4
719 289 2
719 357 4
719 532 3
719 742 4
719 778 3
720 262 4
720 268 4
720 286 5
720 302 5
720 310 4
720 313 3
720 333 4
720 749 3
720 898 4
720 1176 5
721 50 5
721 82 4
721 135 3
721 191 3
721 258 3
721 259 3
721 302 3
721 632 4
721 690 3
721 749 3
722 13 2
722 100 4
722 291 4
722 307 4
722 458 4
722 471 4
722 476 4
722 508 4
722 678 3
722 756 3
723 50 4
723 89 3
723 150 3
723 164 4
723 168 5
723 172 4
723 178 3
723 433 3
723 748 5
723 988 1
724 245 2
724 288 4
724 304 4
724 310 5
724 346 1
724 680 1
724 880 3
724 908 1
724 1176 1
724 1617 1
725 9 4
725 19 5
725 286 5
725 288 3
725 301 4
725 322 4
725 333 5
725 748 4
725 873 4
725 881 5
726 1 4
726 117 1
726 248 2
726 255 2
726 323 3
726 409 3
726 535 3
726 763 2
726 833 5
726 898 2
727 208 4
727 217 3
727 259 4
727 367 3
727 585 2
727 628 3
727 692 4
727 746 4
727 831 3
727 933 1
728 15 4
728 116 4
728 124 3
728 237 4
728 285 4
728 289 3
728 304 4
728 319 3
728 742 4
728 1355 4
729 272 4
729 294 2
729 300 4
729 310 3
729 313 3
729 322 4
729 338 1
729 346 1
729 362 4
729 751 3
730 7 4
730 258 5
730 273 2
730 276 3
730 301 1
730 327 2
730 410 1
730 742 3
730 873 2
730 875 2
731 1 2
731 95 3
731 153 3
731 194 3
731 205 1
731 419 4
731 462 5
731 504 3
731 507 3
731 1269 3
732 243 5
732 269 5
732 288 4
732 289 3
732 294 3
732 304 5
732 321 3
732 322 3
732 332 5
732 937 4
733 7 3
733 19 5
733 121 3
733 242 4
733 248 3
733 279 2
733 293 4
733 298 2
733 1171 3
733 1173 2
734 56 1
734 111 3
734 143 5
734 172 4
734 210 3
734 222 1
734 482 2
734 662 3
734 699 4
734 751 4
735 25 4
735 100 2
735 126 3
735 147 1
735 269 3
735 285 4
735 293 3
735 327 3
735 332 3
735 475 4
736 127 4
736 253 5
736 254 1
736 286 4
736 293 4
736 323 1
736 678 1
736 993 4
736 1089 1
736 1278 1
737 11 3
737 58 4
737 64 4
737 96 2
737 154 4
737 156 5
737 173 4
737 187 5
737 196 3
737 474 5
738 22 3
738 95 4
738 96 5
738 127 4
738 175 4
738 178 4
738 191 4
738 210 5
738 265 4
738 916 3
739 56 4
739 97 5
739 172 4
739 187 4
739 197 1
739 301 5
739 327 5
739 526 5
739 661 2
739 1431 5
740 258 3
740 269 4
740 271 2
740 302 5
740 326 3
740 328 3
740 332 3
740 340 4
740 873 2
740 1038 4
741 31 3
741 38 2
741 70 4
741 77 3
741 88 4
741 228 2
741 280 3
741 651 4
741 785 3
741 1074 2
742 1 4
742 7 3
742 14 5
742 15 4
742 50 4
742 100 5
742 237 4
742 294 3
742 475 4
742 546 1
743 222 4
743 269 4
743 276 5
743 289 3
743 292 3
743 298 4
743 303 5
743 308 2
743 338 1
743 879 4
744 1 4
744 9 3
744 23 4
744 50 3
744 156 4
744 238 4
744 276 4
744 302 5
744 340 3
744 657 5
745 8 4
745 100 5
745 183 3
745 203 3
745 222 2
745 286 1
745 515 4
745 527 3
745 646 4
745 1126 2
746 38 2
746 50 5
746 79 5
746 157 4
746 181 5
746 226 4
746 399 3
746 431 5
746 523 3
746 550 4
747 116 4
747 173 3
747 180 5
747 279 4
747 303 5
747 531 4
747 650 4
747 661 5
747 783 1
747 1375 4
748 86 4
748 135 4
748 144 4
748 173 4
748 196 3
748 258 5
748 319 3
748 514 4
748 678 2
748 710 3
749 31 5
749 73 4
749 151 5
749 154 5
749 188 3
749 406 4
749 554 3
749 735 5
749 1089 3
749 1337 3
750 245 3
750 288 4
750 303 4
750 305 4
750 358 3
750 683 1
750 688 1
750 749 3
750 879 4
750 881 2
751 85 3
751 88 4
751 419 4
751 480 4
751 652 4
751 735 4
751 736 5
751 778 3
751 1011 4
751 1661 1
752 270 4
752 289 1
752 294 3
752 311 3
752 322 1
752 326 1
752 347 4
752 690 4
752 905 2
752 1105 3
753 22 4
753 50 4
753 134 4
753 194 4
753 199 5
753 211 4
753 215 5
753 322 3
753 462 4
753 499 3
754 15 5
754 117 4
754 118 2
754 237 3
754 276 5
754 328 3
754 359 3
754 459 4
754 477 5
754 595 2
755 264 2
755 271 1
755 288 1
755 289 1
755 311 4
755 327 2
755 748 4
755 872 1
755 881 1
755 887 3
756 92 3
756 100 5
756 122 1
756 161 3
756 176 4
756 234 3
756 554 1
756 642 2
756 753 2
756 1119 4
757 2 3
757 4 5
757 28 3
757 50 4
757 157 3
757 195 4
757 248 4
757 260 3
757 678 2
757 743 2
758 7 5
758 177 5
758 224 4
758 248 4
758 269 4
758 288 4
758 431 3
758 810 3
758 892 2
758 1142 5
759 220 5
759 222 5
759 257 4
759 275 4
759 328 5
759 405 4
759 591 3
759 756 4
759 937 4
759 984 2
760 50 3
760 125 4
760 162 3
760 172 3
760 204 4
760 682 3
760 739 4
760 841 3
760 928 1
760 1037 5
761 1 1
761 50 5
761 181 5
761 222 4
761 258 4
761 261 1
761 288 4
761 688 2
761 1014 1
761 1277 1
762 246 1
762 256 3
762 270 4
762 286 4
762 332 1
762 421 4
762 709 3
762 749 1
762 815 1
762 934 1
763 11 4
763 22 4
763 151 4
763 213 4
763 258 3
763 275 5
763 375 2
763 461 4
763 742 4
763 1268 5
764 9 4
764 11 4
764 31 4
764 77 4
764 100 4
764 496 5
764 527 4
764 597 4
764 756 3
764 1152 3
765 10 4
765 14 5
765 42 5
765 50 2
765 137 5
765 222 2
765 275 4
765 507 5
765 847 4
765 1009 5
766 98 3
766 134 5
766 135 4
766 202 3
766 228 3
766 366 3
766 510 3
766 521 4
766 588 3
766 648 3
767 28 4
767 163 4
767 172 5
767 176 3
767 183 4
767 222 5
767 483 5
767 505 4
767 506 5
767 657 4
768 1 5
768 50 4
768 70 4
768 111 3
768 252 3
768 275 4
768 288 4
768 332 4
768 826 1
768 1014 2
769 111 5
769 118 4
769 121 4
769 222 4
769 235 3
769 284 3
769 411 3
769 597 2
769 1011 3
769 1312 2
770 151 5
770 181 3
770 244 4
770 253 5
770 282 5
770 288 4
770 289 5
770 295 4
770 300 5
770 325 4
771 4 1
771 91 4
771 154 2
771 241 1
771 275 5
771 289 4
771 707 4
771 873 3
771 949 5
771 993 4
772 259 2
772 288 2
772 300 4
772 310 4
772 315 5
772 322 4
772 323 4
772 327 4
772 748 3
772 752 3
773 37 3
773 56 2
773 92 4
773 188 3
773 191 4
773 234 2
773 238 4
773 384 2
773 433 3
773 1021 5
774 28 3
774 54 1
774 127 4
774 172 3
774 229 2
774 403 2
774 563 1
774 644 4
774 673 2
774 1028 2
775 300 4
775 302 3
775 307 4
775 312 3
775 327 5
775 329 3
775 344 5
775 345 5
775 690 3
775 900 3
776 21 3
776 22 5
776 164 3
776 276 4
776 439 1
776 443 3
776 486 4
776 511 5
776 569 3
776 648 3
777 42 5
777 117 5
777 157 3
777 202 5
777 204 5
777 509 4
777 521 5
777 527 4
777 818 5
777 1079 2
778 121 3
778 195 4
778 204 4
778 209 4
778 238 3
778 262 4
778 496 1
778 582 1
778 738 1
778 780 3
779 7 3
779 21 5
779 109 3
779 195 5
779 235 4
779 258 5
779 328 4
779 509 2
779 926 4
779 1028 4
780 22 4
780 97 5
780 172 5
780 300 3
780 357 5
780 423 5
780 508 3
780 510 4
780 526 5
780 887 4
781 87 4
781 174 5
781 180 4
781 187 5
781 191 4
781 204 4
781 215 3
781 258 2
781 268 2
781 403 4
782 246 3
782 288 4
782 294 3
782 308 4
782 310 4
782 346 2
782 878 3
782 1390 3
782 1538 3
782 1658 2
783 258 4
783 269 4
783 271 5
783 301 4
783 307 5
783 331 3
783 750 4
783 872 4
783 881 4
783 887 5
784 270 3
784 272 4
784 310 4
784 313 5
784 315 4
784 321 3
784 333 4
784 751 4
784 754 3
784 898 4
785 56 4
785 69 4
785 152 4
785 269 5
785 288 3
785 318 4
785 496 4
785 661 3
785 748 3
785 886 3
786 70 4
786 82 4
786 180 4
786 187 4
786 200 5
786 216 4
786 231 2
786 238 4
786 318 5
786 699 4
787 245 3
787 259 4
787 271 1
787 307 4
787 324 2
787 342 2
787 347 4
787 690 5
787 750 5
787 880 3
788 54 4
788 70 4
788 71 3
788 205 4
788 403 3
788 504 4
788 570 3
788 601 4
788 639 3
788 708 2
789 1 3
789 111 3
789 137 2
789 181 4
789 248 3
789 284 3
789 508 4
789 742 3
789 1008 4
789 1017 3
790 29 2
790 109 3
790 123 3
790 139 2
790 229 3
790 232 4
790 376 2
790 378 3
790 449 2
790 790 2
791 9 5
791 181 5
791 245 4
791 259 3
791 301 3
791 304 4
791 306 5
791 322 4
791 748 3
791 754 4
792 7 4
792 100 4
792 129 4
792 282 3
792 291 2
792 471 4
792 476 1
792 831 2
792 1015 5
792 1197 4
793 109 4
793 250 4
793 257 4
793 288 4
793 456 3
793 591 4
793 597 3
793 696 3
793 815 3
793 1187 2
794 1 4
794 127 5
794 150 4
794 181 4
794 248 4
794 269 5
794 275 4
794 420 4
794 751 3
794 847 5
795 8 5
795 80 3
795 164 3
795 186 3
795 219 3
795 514 4
795 577 3
795 675 3
795 719 2
795 797 3
796 154 3
796 164 3
796 193 3
796 270 4
796 399 4
796 431 4
796 491 4
796 517 2
796 527 3
796 1119 4
797 243 2
797 269 3
797 300 2
797 309 3
797 336 2
797 340 2
797 720 2
797 748 1
797 990 2
797 1254 2
798 21 5
798 116 3
798 196 3
798 197 2
798 480 3
798 586 2
798 932 4
798 993 3
798 1089 3
798 1224 2
799 127 4
799 174 5
799 286 5
799 289 3
799 292 4
799 307 3
799 321 4
799 331 4
799 427 5
799 748 2
800 25 4
800 222 4
800 223 5
800 276 3
800 289 4
800 292 5
800 294 3
800 300 4
800 476 3
800 751 4
801 245 3
801 301 5
801 302 4
801 328 5
801 332 5
801 343 4
801 355 3
801 358 4
801 682 5
801 752 4
802 7 5
802 56 3
802 443 4
802 445 3
802 484 3
802 559 2
802 672 3
802 687 3
802 760 3
802 1025 3
803 242 5
803 269 5
803 303 4
803 306 4
803 321 4
803 325 4
803 338 2
803 339 3
803 683 1
803 988 1
804 49 2
804 85 4
804 192 4
804 213 3
804 231 4
804 365 4
804 433 4
804 550 4
804 654 3
804 1222 3
805 42 2
805 90 2
805 96 4
805 222 4
805 447 4
805 473 4
805 527 3
805 576 4
805 581 2
805 761 3
806 89 5
806 121 4
806 172 3
806 197 4
806 233 2
806 238 4
806 254 3
806 343 3
806 483 4
806 522 3
807 99 5
807 193 4
807 271 3
807 405 4
807 427 4
807 527 5
807 528 4
807 576 4
807 842 4
807 1050 5
808 264 5
808 288 3
808 300 4
808 312 3
808 332 4
808 340 5
808 748 4
808 751 3
808 872 5
808 875 4
809 245 3
809 299 4
809 300 4
809 315 5
809 319 3
809 322 3
809 331 2
809 333 3
809 340 4
809 1025 1
810 243 4
810 269 5
810 286 4
810 300 5
810 323 4
810 328 5
810 338 4
810 876 3
810 881 4
810 902 5
811 243 3
811 286 5
811 300 5
811 307 4
811 308 4
811 315 4
811 321 3
811 678 5
811 895 5
811 988 4
812 289 1
812 292 3
812 300 5
812 302 3
812 328 4
812 332 4
812 333 5
812 682 4
812 873 4
812 881 4
813 9 3
813 266 2
813 271 4
813 304 1
813 307 4
813 310 4
813 680 2
813 890 4
813 892 1
813 898 1
814 17 3
814 53 4
814 56 3
814 218 3
814 219 4
814 234 3
814 441 2
814 665 4
814 672 3
814 675 3
815 102 3
815 131 2
815 153 4
815 405 4
815 451 3
815 465 5
815 496 5
815 528 5
815 603 3
815 623 3
816 243 4
816 260 3
816 264 4
816 271 4
816 328 4
816 331 5
816 332 4
816 342 4
816 678 4
816 687 2
817 24 4
817 245 2
817 289 2
817 324 2
817 327 4
817 363 3
817 546 4
817 597 2
817 840 2
817 928 3
818 245 4
818 258 4
818 269 3
818 271 4
818 288 5
818 300 2
818 303 5
818 312 2
818 346 4
818 875 1
819 70 4
819 177 4
819 246 4
819 300 5
819 302 5
819 319 4
819 327 4
819 345 4
819 346 5
819 381 4
820 258 3
820 286 4
820 302 5
820 313 5
820 324 3
820 328 2
820 333 5
820 347 4
820 358 1
820 895 2
821 15 5
821 100 2
821 106 2
821 132 5
821 213 5
821 318 5
821 357 5
821 405 4
821 435 4
821 763 3
822 71 4
822 91 3
822 101 2
822 111 4
822 169 4
822 235 3
822 358 3
822 539 2
822 588 2
822 751 3
823 7 5
823 33 3
823 48 5
823 97 5
823 144 5
823 209 4
823 233 4
823 274 4
823 475 5
823 1118 3
824 243 1
824 245 2
824 259 4
824 288 3
824 319 2
824 323 2
824 325 4
824 687 2
824 748 1
824 989 2
825 7 5
825 50 4
825 298 5
825 508 4
825 741 4
825 832 3
825 841 4
825 864 3
825 988 3
825 1015 2
826 55 5
826 161 3
826 184 3
826 188 4
826 294 4
826 566 3
826 684 3
826 820 3
826 1091 3
826 1219 4
827 245 3
827 269 5
827 288 3
827 289 3
827 294 4
827 300 3
827 302 4
827 316 3
827 689 3
827 748 4
828 301 2
828 347 1
828 730 3
828 874 3
828 903 4
828 923 3
828 960 5
828 1073 4
828 1196 2
828 1268 2
829 13 4
829 14 2
829 100 4
829 153 4
829 213 4
829 222 4
829 237 3
829 275 4
829 640 3
829 855 4
830 22 5
830 95 3
830 177 4
830 183 4
830 194 4
830 227 3
830 402 4
830 633 4
830 651 4
830 696 2
831 100 4
831 150 3
831 174 5
831 250 5
831 258 2
831 266 3
831 272 5
831 328 3
831 331 4
831 347 3
832 243 2
832 258 3
832 264 3
832 286 3
832 288 3
832 307 4
832 322 3
832 323 3
832 873 2
832 895 2
833 52 3
833 127 5
833 160 5
833 187 5
833 204 1
833 205 4
833 379 2
833 441 1
833 831 1
833 854 4
834 50 5
834 117 4
834 127 5
834 150 5
834 151 4
834 255 3
834 288 5
834 292 5
834 343 4
834 347 4
835 50 4
835 131 5
835 162 5
835 216 4
835 458 4
835 526 3
835 609 4
835 610 5
835 673 4
835 1153 4
836 134 3
836 170 5
836 238 4
836 258 4
836 288 1
836 419 2
836 496 4
836 611 5
836 657 5
836 659 5
837 13 4
837 15 3
837 20 4
837 237 3
837 275 4
837 276 1
837 280 2
837 286 4
837 289 5
837 762 2
838 24 4
838 179 5
838 223 3
838 249 4
838 276 4
838 311 4
838 385 4
838 480 4
838 1005 4
838 1115 4
839 129 4
839 220 3
839 285 5
839 286 4
839 292 3
839 319 1
839 321 1
839 696 2
839 866 2
839 950 4
840 98 5
840 166 5
840 234 5
840 252 4
840 428 4
840 498 5
840 663 4
840 737 4
840 1065 5
840 1266 5
841 271 4
841 300 4
841 306 4
841 307 5
841 313 5
841 333 4
841 344 3
841 358 1
841 678 4
841 873 4
842 258 3
842 306 4
842 315 3
842 324 4
842 328 2
842 340 5
842 749 4
842 752 4
842 874 5
842 1395 4
843 145 3
843 152 2
843 159 2
843 183 5
843 195 4
843 205 4
843 227 3
843 403 2
843 449 3
843 635 2
844 50 5
844 69 5
844 109 2
844 151 4
844 216 5
844 228 3
844 318 4
844 625 3
844 690 3
844 1474 4
845 268 3
845 310 4
845 346 3
845 690 5
845 751 2
845 900 3
845 909 4
845 1022 2
845 1394 4
845 1399 3
846 36 2
846 136 3
846 205 5
846 258 3
846 403 3
846 603 5
846 674 4
846 736 4
846 1286 4
846 1411 4
847 108 2
847 118 3
847 180 2
847 183 4
847 225 1
847 372 5
847 473 2
847 658 3
847 926 1
847 1160 4
848 151 4
848 185 3
848 196 5
848 204 5
848 207 5
848 209 5
848 318 5
848 419 5
848 423 4
848 480 5
849 118 5
849 121 5
849 133 5
849 197 5
849 207 5
849 234 5
849 421 5
849 568 4
849 633 5
849 676 5
850 15 5
850 121 5
850 172 5
850 174 5
850 228 5
850 480 5
850 584 4
850 663 2
850 742 5
850 969 5
851 68 3
851 111 3
851 172 5
851 240 4
851 363 4
851 405 5
851 527 5
851 564 3
851 680 3
851 760 4
852 7 3
852 181 4
852 260 3
852 289 2
852 405 3
852 515 5
852 678 3
852 820 4
852 841 4
852 930 3
853 258 3
853 259 3
853 271 3
853 300 5
853 323 3
853 328 3
853 330 1
853 678 4
853 688 3
853 887 2
854 32 4
854 79 4
854 117 3
854 216 3
854 255 1
854 281 3
854 287 3
854 291 2
854 318 5
854 925 2
855 59 3
855 170 2
855 171 3
855 475 4
855 509 3
855 510 4
855 512 4
855 582 3
855 855 4
855 919 3
856 286 4
856 289 1
856 294 4
856 300 4
856 307 4
856 312 2
856 322 4
856 326 2
856 347 2
856 690 4
857 24 1
857 116 5
857 258 5
857 259 4
857 275 5
857 283 5
857 328 3
857 547 3
857 892 3
857 988 2
858 9 5
858 127 5
858 293 3
858 323 2
858 333 4
858 515 4
858 678 1
858 689 5
858 754 4
858 1368 4
859 287 5
859 293 4
859 294 3
859 368 3
859 535 5
859 928 3
859 955 5
859 1132 3
859 1281 3
859 1315 4
860 153 4
860 245 3
860 300 4
860 301 2
860 305 4
860 347 4
860 716 2
860 846 2
860 890 2
860 1602 3
861 14 4
861 83 5
861 179 1
861 301 4
861 382 5
861 531 4
861 547 4
861 584 5
861 1009 5
861 1148 3
862 181 5
862 187 4
862 198 5
862 214 3
862 216 5
862 405 2
862 474 5
862 526 4
862 974 2
862 1011 5
863 242 4
863 258 5
863 294 4
863 303 1
863 315 5
863 326 5
863 361 5
863 1024 3
863 1038 1
863 1607 2
864 11 5
864 54 4
864 70 4
864 227 4
864 526 4
864 566 4
864 693 4
864 716 2
864 775 1
864 1531 3
865 24 4
865 91 3
865 101 1
865 111 1
865 189 4
865 268 4
865 294 4
865 302 5
865 845 1
865 919 5
866 272 2
866 303 4
866 313 1
866 315 4
866 340 2
866 344 2
866 347 4
866 882 2
866 896 2
866 900 4
867 11 3
867 174 5
867 195 5
867 210 5
867 252 2
867 258 3
867 295 4
867 498 4
867 524 5
867 1608 2
868 73 1
868 89 4
868 91 3
868 109 3
868 160 4
868 183 5
868 265 3
868 358 2
868 448 2
868 1035 1
869 13 3
869 15 1
869 126 2
869 242 2
869 269 4
869 294 3
869 411 4
869 596 3
869 756 1
869 1382 3
870 42 2
870 48 4
870 134 4
870 216 4
870 255 2
870 386 4
870 568 4
870 603 5
870 663 3
870 770 4
871 241 3
871 259 3
871 275 3
871 302 5
871 337 3
871 747 3
871 781 4
871 883 3
871 947 2
871 1345 3
872 118 4
872 280 3
872 288 5
872 310 4
872 363 4
872 748 3
872 763 3
872 864 3
872 925 4
872 977 3
873 259 1
873 269 2
873 307 3
873 326 4
873 328 4
873 339 3
873 342 4
873 348 3
873 358 2
873 875 1
874 14 4
874 116 4
874 182 4
874 305 4
874 311 4
874 325 2
874 346 3
874 357 5
874 676 3
874 751 3
875 4 3
875 71 2
875 96 4
875 173 5
875 176 4
875 501 4
875 504 5
875 651 5
875 692 2
875 1422 3
876 22 4
876 174 4
876 286 5
876 288 3
876 318 5
876 511 5
876 523 5
876 527 5
876 604 5
876 878 2
877 59 5
877 79 4
877 216 4
877 275 4
877 300 3
877 402 3
877 640 2
877 732 4
877 748 4
877 955 4
878 22 2
878 71 4
878 126 3
878 212 3
878 275 4
878 286 4
878 402 4
878 530 5
878 736 5
878 794 4
879 50 4
879 117 4
879 181 4
879 255 4
879 294 3
879 304 4
879 597 2
879 685 4
879 866 5
879 1047 2
880 50 5
880 54 3
880 80 2
880 181 5
880 204 5
880 295 5
880 769 3
880 783 1
880 833 4
880 841 3
881 13 4
881 89 4
881 204 4
881 222 5
881 441 2
881 559 2
881 601 5
881 790 3
881 1046 3
881 1124 4
882 8 5
882 15 5
882 86 5
882 105 3
882 117 4
882 294 4
882 471 4
882 559 3
882 815 2
882 1015 3
883 69 2
883 72 4
883 135 4
883 224 4
883 239 3
883 407 3
883 516 4
883 561 3
883 665 4
883 867 5
884 100 5
884 258 5
884 300 1
884 381 5
884 475 4
884 509 4
884 582 5
884 640 1
884 736 3
884 1009 2
885 56 3
885 65 2
885 91 3
885 95 4
885 173 4
885 195 4
885 233 3
885 239 3
885 418 4
885 501 3
886 3 3
886 7 5
886 108 5
886 118 1
886 173 5
886 208 3
886 232 3
886 273 2
886 357 4
886 419 3
887 84 4
887 181 5
887 210 5
887 473 4
887 633 5
887 692 5
887 768 4
887 1035 5
887 1136 5
887 1540 5
888 100 4
888 111 4
888 153 4
888 191 5
888 202 4
888 237 5
888 274 4
888 280 3
888 631 4
888 644 4
889 73 3
889 196 5
889 381 4
889 488 2
889 655 4
889 728 3
889 819 2
889 886 3
889 1103 2
889 1589 5
890 135 5
890 153 3
890 258 3
890 427 5
890 449 1
890 516 2
890 625 3
890 662 3
890 843 3
890 1065 3
891 15 4
891 25 5
891 282 5
891 285 5
891 313 5
891 459 5
891 717 4
891 933 3
891 1028 3
891 1197 5
892 71 3
892 73 3
892 76 4
892 127 5
892 177 4
892 432 4
892 578 4
892 604 5
892 649 5
892 708 4
893 122 2
893 144 4
893 172 5
893 237 4
893 259 3
893 410 4
893 411 3
893 724 3
893 1215 3
893 1218 3
894 221 4
894 249 3
894 255 3
894 273 3
894 288 3
894 328 4
894 638 3
894 752 3
894 1016 3
894 1142 4
895 1 4
895 100 4
895 151 5
895 222 3
895 283 4
895 294 4
895 328 4
895 742 4
895 748 3
895 885 2
896 48 4
896 318 4
896 325 1
896 384 2
896 458 1
896 684 4
896 686 3
896 713 2
896 744 3
896 849 2
897 56 2
897 143 5
897 151 5
897 194 5
897 202 2
897 204 4
897 419 4
897 473 3
897 568 5
897 1254 2
898 243 1
898 271 3
898 327 5
898 334 3
898 343 3
898 347 3
898 358 4
898 539 3
898 689 3
898 1296 4
899 2 3
899 25 3
899 172 4
899 186 4
899 218 4
899 230 4
899 250 2
899 265 4
899 282 5
899 640 1
900 124 4
900 200 2
900 288 2
900 294 4
900 325 1
900 471 2
900 480 4
900 508 3
900 834 1
900 1028 2
901 12 5
901 71 4
901 144 5
901 168 4
901 196 4
901 228 5
901 476 5
901 498 4
901 546 4
901 568 5
902 176 5
902 181 3
902 294 2
902 298 2
902 300 4
902 304 3
902 306 4
902 480 5
902 483 4
902 497 5
903 23 5
903 91 5
903 181 4
903 187 5
903 191 5
903 254 2
903 276 5
903 288 4
903 845 1
903 1008 3
904 155 4
904 216 4
904 278 5
904 288 4
904 300 4
904 451 4
904 553 3
904 736 4
904 781 4
904 1041 2
905 116 3
905 124 4
905 125 3
905 129 4
905 302 5
905 313 4
905 326 3
905 475 3
905 742 4
905 1011 3
906 15 3
906 117 4
906 125 4
906 273 4
906 276 5
906 473 4
906 544 4
906 676 5
906 742 3
906 823 3
907 86 5
907 125 4
907 147 5
907 274 5
907 282 4
907 301 4
907 472 5
907 620 4
907 825 3
907 828 5
908 69 3
908 133 5
908 147 2
908 181 3
908 185 4
908 200 2
908 204 4
908 322 2
908 648 4
908 657 4
909 14 4
909 165 5
909 166 5
909 261 5
909 289 3
909 339 4
909 382 5
909 529 3
909 744 3
909 880 4
910 24 3
910 125 3
910 137 3
910 252 2
910 257 3
910 282 3
910 289 3
910 332 2
910 414 4
910 508 4
911 7 4
911 89 4
911 99 3
911 143 5
911 238 2
911 313 2
911 383 3
911 423 4
911 659 3
911 1203 4
912 14 5
912 97 4
912 185 3
912 194 4
912 197 5
912 318 4
912 482 5
912 602 5
912 611 3
912 654 3
913 98 4
913 144 5
913 179 3
913 234 4
913 237 4
913 265 4
913 465 2
913 481 3
913 789 4
913 1240 2
914 313 3
914 381 3
914 643 4
914 692 3
914 732 2
914 739 2
914 775 3
914 781 5
914 1259 1
914 1406 4
915 301 2
915 305 2
915 307 3
915 315 4
915 321 3
915 334 3
915 345 4
915 346 2
915 347 5
915 752 3
916 170 4
916 214 3
916 229 3
916 244 4
916 252 2
916 523 3
916 781 3
916 866 3
916 1135 3
916 1335 4
917 100 4
917 237 5
917 246 4
917 248 4
917 268 4
917 282 4
917 591 3
917 751 2
917 756 4
917 879 2
918 28 4
918 211 2
918 275 4
918 289 2
918 433 2
918 487 4
918 582 4
918 645 4
918 658 3
918 1101 4
919 270 4
919 298 3
919 321 2
919 347 3
919 462 3
919 596 3
919 887 3
919 937 4
919 1047 3
919 1136 2
920 245 2
920 258 4
920 268 3
920 288 3
920 292 3
920 299 2
920 302 4
920 307 3
920 310 4
920 333 4
921 82 3
921 87 2
921 132 3
921 173 5
921 181 5
921 252 4
921 288 3
921 471 2
921 692 4
921 728 3
922 56 1
922 63 3
922 202 5
922 216 3
922 227 4
922 229 4
922 249 3
922 395 4
922 451 4
922 588 4
923 3 4
923 117 4
923 181 5
923 245 3
923 281 4
923 288 5
923 546 4
923 689 3
923 831 4
923 928 4
924 1 5
924 121 4
924 202 4
924 228 4
924 277 3
924 283 4
924 300 2
924 526 3
924 836 3
924 1011 3
925 245 3
925 260 3
925 327 3
925 333 3
925 447 4
925 561 3
925 563 2
925 773 1
925 788 3
925 876 3
926 237 3
926 245 3
926 262 3
926 269 5
926 272 5
926 292 3
926 294 3
926 302 4
926 313 3
926 321 3
927 41 4
927 67 4
927 79 3
927 230 5
927 274 1
927 367 5
927 421 4
927 560 2
927 780 1
927 1089 5
928 48 5
928 114 5
928 165 5
928 173 4
928 176 3
928 266 5
928 269 5
928 288 3
928 487 5
928 876 5
929 1 3
929 32 3
929 174 3
929 182 4
929 185 5
929 271 2
929 318 4
929 435 3
929 480 3
929 483 4
930 107 3
930 126 5
930 153 2
930 237 3
930 269 4
930 300 4
930 405 3
930 845 3
930 871 3
930 1315 3
931 116 4
931 250 2
931 258 3
931 269 3
931 275 5
931 312 4
931 515 5
931 690 4
931 744 4
931 1022 1
932 229 4
932 497 5
932 525 5
932 614 4
932 679 2
932 709 4
932 967 4
932 1184 3
932 1266 4
932 1305 2
933 63 2
933 182 4
933 214 3
933 215 3
933 219 1
933 231 1
933 399 3
933 433 1
933 470 4
933 734 2
934 100 4
934 183 2
934 195 4
934 223 5
934 228 4
934 239 4
934 269 2
934 315 4
934 411 3
934 461 4
935 148 4
935 237 5
935 274 5
935 282 4
935 286 5
935 405 4
935 815 4
935 864 5
935 924 4
935 1016 4
936 14 4
936 181 4
936 249 5
936 250 5
936 313 4
936 333 3
936 547 5
936 741 4
936 927 4
936 1086 3
937 14 4
937 93 4
937 255 3
937 258 4
937 286 4
937 300 4
937 301 1
937 304 4
937 408 5
937 847 4
938 9 3
938 105 1
938 181 5
938 281 2
938 300 3
938 476 4
938 595 2
938 840 2
938 873 3
938 1012 5
939 220 5
939 222 5
939 326 5
939 597 4
939 818 3
939 890 2
939 934 3
939 1023 4
939 1051 5
939 1277 5
940 8 5
940 56 5
940 96 5
940 147 4
940 153 2
940 172 4
940 181 3
940 194 5
940 355 1
940 610 1
941 1 5
941 222 2
941 273 3
941 298 5
941 300 4
941 358 2
941 408 5
941 455 4
941 763 3
941 919 5
942 31 5
942 131 5
942 193 5
942 269 2
942 304 5
942 313 3
942 347 5
942 511 4
942 539 3
942 969 4
943 12 5
943 62 3
943 210 4
943 237 4
943 443 2
943 471 5
943 549 1
943 595 2
943 685 4
943 1011 2
